0 0.030048076923076924 0.23798076923076922 0.055288461538461536 0.07932692307692307
0 0.08653846153846154 0.27524038461538464 0.03245192307692308 0.054086538461538464
0 0.2403846153846154 0.2247596153846154 0.03485576923076923 0.06129807692307692
0 0.30528846153846156 0.22716346153846154 0.05048076923076923 0.08653846153846154
0 0.34375 0.23798076923076922 0.027644230769230768 0.05048076923076923
0 0.3942307692307692 0.27524038461538464 0.037259615384615384 0.054086538461538464
0 0.46634615384615385 0.27283653846153844 0.037259615384615384 0.05048076923076923
0 0.5661057692307693 0.3125 0.052884615384615384 0.07211538461538461
0 0.6153846153846154 0.21634615384615385 0.04447115384615385 0.06490384615384616
0 0.7139423076923077 0.23557692307692307 0.03245192307692308 0.054086538461538464
0 0.7512019230769231 0.23197115384615385 0.042067307692307696 0.06850961538461539
0 0.8293269230769231 0.32572115384615385 0.04807692307692308 0.06850961538461539
0 0.9038461538461539 0.265625 0.042067307692307696 0.07932692307692307
0 0.4230769230769231 0.25841346153846156 0.020432692307692308 0.036057692307692304