1 0.8882211538461539 0.17668269230769232 0.0625 0.07692307692307693
1 0.75 0.18389423076923078 0.052884615384615384 0.06971153846153846
1 0.6742788461538461 0.20793269230769232 0.04807692307692308 0.07211538461538461
1 0.53125 0.2247596153846154 0.052884615384615384 0.07211538461538461
1 0.4855769230769231 0.22596153846153846 0.040865384615384616 0.06009615384615385
1 0.4495192307692308 0.23076923076923078 0.04326923076923077 0.0673076923076923
1 0.40384615384615385 0.1814903846153846 0.040865384615384616 0.04567307692307692
1 0.43990384615384615 0.28846153846153844 0.05048076923076923 0.0673076923076923
1 0.39302884615384615 0.3713942307692308 0.07692307692307693 0.0985576923076923
2 0.265625 0.25600961538461536 0.06009615384615385 0.08173076923076923
1 0.28365384615384615 0.4182692307692308 0.08173076923076923 0.11778846153846154
1 0.12740384615384615 0.2620192307692308 0.05048076923076923 0.0673076923076923
1 0.17067307692307693 0.4170673076923077 0.0673076923076923 0.07932692307692307
1 0.0829326923076923 0.546875 0.11057692307692307 0.15384615384615385
2 0.12620192307692307 0.5060096153846154 0.05048076923076923 0.08173076923076923