2 0.07211538461538461 0.7728365384615384 0.026442307692307692 0.0625
1 0.12740384615384615 0.7764423076923077 0.05048076923076923 0.07451923076923077
1 0.20072115384615385 0.7355769230769231 0.02403846153846154 0.04567307692307692
1 0.2920673076923077 0.7800480769230769 0.04567307692307692 0.06490384615384616
2 0.33413461538461536 0.5865384615384616 0.03125 0.04807692307692308
1 0.3629807692307692 0.5997596153846154 0.040865384615384616 0.052884615384615384
0 0.4074519230769231 0.6069711538461539 0.03365384615384615 0.040865384615384616
2 0.3894230769230769 0.6778846153846154 0.038461538461538464 0.055288461538461536
1 0.34615384615384615 0.71875 0.04326923076923077 0.052884615384615384
1 0.43509615384615385 0.6838942307692307 0.04326923076923077 0.06490384615384616
1 0.47115384615384615 0.6286057692307693 0.04326923076923077 0.0673076923076923
1 0.5588942307692307 0.5853365384615384 0.036057692307692304 0.04807692307692308
1 0.5264423076923077 0.6971153846153846 0.04807692307692308 0.0673076923076923
1 0.5588942307692307 0.7668269230769231 0.05048076923076923 0.07932692307692307
1 0.6081730769230769 0.5685096153846154 0.04326923076923077 0.06490384615384616
2 0.6286057692307693 0.9483173076923077 0.055288461538461536 0.07692307692307693
1 0.5637019230769231 0.47475961538461536 0.03125 0.040865384615384616
1 0.5048076923076923 0.44591346153846156 0.028846153846153848 0.04326923076923077
1 0.6129807692307693 0.47475961538461536 0.028846153846153848 0.04326923076923077
1 0.7151442307692307 0.3858173076923077 0.028846153846153848 0.040865384615384616
1 0.7740384615384616 0.38822115384615385 0.021634615384615384 0.03125
1 0.9014423076923077 0.45072115384615385 0.028846153846153848 0.036057692307692304