1 0.3161057692307692 0.06370192307692307 0.055288461538461536 0.07692307692307693
1 0.25 0.17548076923076922 0.055288461538461536 0.08413461538461539
2 0.41586538461538464 0.06490384615384616 0.04567307692307692 0.06971153846153846
1 0.3389423076923077 0.18870192307692307 0.0673076923076923 0.11057692307692307
1 0.06610576923076923 0.703125 0.125 0.31009615384615385
2 0.5853365384615384 0.20552884615384615 0.036057692307692304 0.06971153846153846
2 0.5480769230769231 0.2608173076923077 0.06009615384615385 0.08413461538461539
1 0.49278846153846156 0.4170673076923077 0.07451923076923077 0.1201923076923077
1 0.6814903846153846 0.13341346153846154 0.057692307692307696 0.0985576923076923
1 0.8221153846153846 0.18990384615384615 0.04567307692307692 0.08413461538461539
1 0.7788461538461539 0.47115384615384615 0.07451923076923077 0.10336538461538461
1 0.9314903846153846 0.3449519230769231 0.06009615384615385 0.08173076923076923