1 0.24759615384615385 0.27403846153846156 0.03125 0.04326923076923077
2 0.3317307692307692 0.29086538461538464 0.04326923076923077 0.052884615384615384
1 0.4543269230769231 0.23798076923076922 0.04567307692307692 0.0673076923076923
1 0.5877403846153846 0.2800480769230769 0.055288461538461536 0.07211538461538461
1 0.6947115384615384 0.3004807692307692 0.052884615384615384 0.07211538461538461
1 0.8088942307692307 0.25841346153846156 0.07211538461538461 0.09375
1 0.9471153846153846 0.2283653846153846 0.052884615384615384 0.11538461538461539
1 0.1971153846153846 0.3173076923076923 0.026442307692307692 0.040865384615384616
1 0.1658653846153846 0.2956730769230769 0.028846153846153848 0.04326923076923077
1 0.12860576923076922 0.3016826923076923 0.02403846153846154 0.038461538461538464
1 0.09254807692307693 0.30288461538461536 0.028846153846153848 0.03365384615384615