1 0.08173076923076923 0.20552884615384615 0.12980769230769232 0.23076923076923078
1 0.3485576923076923 0.3641826923076923 0.08653846153846154 0.16105769230769232
1 0.44591346153846156 0.2127403846153846 0.040865384615384616 0.09134615384615384
1 0.5372596153846154 0.2403846153846154 0.07692307692307693 0.14182692307692307
1 0.9122596153846154 0.29086538461538464 0.04326923076923077 0.07451923076923077
2 0.9759615384615384 0.30528846153846156 0.038461538461538464 0.07692307692307693
2 0.7980769230769231 0.26322115384615385 0.04807692307692308 0.08653846153846154
2 0.7367788461538461 0.24879807692307693 0.04326923076923077 0.08653846153846154
2 0.6598557692307693 0.24879807692307693 0.05048076923076923 0.11298076923076923
2 0.23076923076923078 0.234375 0.0625 0.10096153846153846
2 0.17307692307692307 0.22235576923076922 0.028846153846153848 0.05048076923076923