1 0.8641826923076923 0.040865384615384616 0.014423076923076924 0.021634615384615384
1 0.9074519230769231 0.19110576923076922 0.021634615384615384 0.028846153846153848
2 0.8581730769230769 0.28125 0.02403846153846154 0.036057692307692304
1 0.8689903846153846 0.3629807692307692 0.028846153846153848 0.040865384615384616
1 0.8209134615384616 0.3701923076923077 0.019230769230769232 0.040865384615384616
1 0.9855769230769231 0.4723557692307692 0.026442307692307692 0.040865384615384616
1 0.9290865384615384 0.45552884615384615 0.026442307692307692 0.03365384615384615
1 0.8701923076923077 0.4675480769230769 0.03125 0.040865384615384616
2 0.8894230769230769 0.5625 0.028846153846153848 0.040865384615384616
1 0.9302884615384616 0.6959134615384616 0.028846153846153848 0.03365384615384615
2 0.84375 0.625 0.02403846153846154 0.040865384615384616
1 0.6298076923076923 0.013221153846153846 0.019230769230769232 0.026442307692307692
1 0.6418269230769231 0.052884615384615384 0.02403846153846154 0.03365384615384615
1 0.6778846153846154 0.08774038461538461 0.014423076923076924 0.026442307692307692
1 0.6923076923076923 0.11538461538461539 0.014423076923076924 0.028846153846153848
1 0.7295673076923077 0.14423076923076922 0.021634615384615384 0.028846153846153848
1 0.7512019230769231 0.23317307692307693 0.019230769230769232 0.021634615384615384
2 0.7836538461538461 0.2439903846153846 0.019230769230769232 0.021634615384615384
1 0.7752403846153846 0.2776442307692308 0.019230769230769232 0.026442307692307692
2 0.7319711538461539 0.28365384615384615 0.021634615384615384 0.028846153846153848
1 0.7367788461538461 0.39783653846153844 0.021634615384615384 0.03365384615384615
2 0.7151442307692307 0.44591346153846156 0.019230769230769232 0.028846153846153848
0 0.7127403846153846 0.5576923076923077 0.028846153846153848 0.04326923076923077
1 0.7427884615384616 0.6069711538461539 0.03125 0.04326923076923077
1 0.6814903846153846 0.7728365384615384 0.03365384615384615 0.05048076923076923
1 0.7632211538461539 0.9435096153846154 0.038461538461538464 0.055288461538461536
1 0.5396634615384616 0.014423076923076924 0.009615384615384616 0.019230769230769232
1 0.5757211538461539 0.054086538461538464 0.014423076923076924 0.026442307692307692
1 0.6009615384615384 0.06610576923076923 0.019230769230769232 0.021634615384615384
2 0.5913461538461539 0.11538461538461539 0.01201923076923077 0.026442307692307692
1 0.5625 0.1045673076923077 0.021634615384615384 0.03365384615384615
1 0.671875 0.203125 0.019230769230769232 0.026442307692307692
1 0.5985576923076923 0.20432692307692307 0.019230769230769232 0.028846153846153848
2 0.6502403846153846 0.23677884615384615 0.021634615384615384 0.03365384615384615
2 0.6971153846153846 0.265625 0.019230769230769232 0.028846153846153848
1 0.6298076923076923 0.29086538461538464 0.02403846153846154 0.03365384615384615
1 0.65625 0.36658653846153844 0.02403846153846154 0.026442307692307692
1 0.5444711538461539 0.3245192307692308 0.021634615384615384 0.03365384615384615
1 0.578125 0.36899038461538464 0.026442307692307692 0.028846153846153848
1 0.6442307692307693 0.4579326923076923 0.021634615384615384 0.036057692307692304
1 0.5673076923076923 0.43028846153846156 0.02403846153846154 0.036057692307692304
1 0.6274038461538461 0.6201923076923077 0.026442307692307692 0.04326923076923077
1 0.6237980769230769 0.6959134615384616 0.026442307692307692 0.04326923076923077
1 0.5949519230769231 0.7091346153846154 0.028846153846153848 0.04807692307692308
1 0.5961538461538461 0.9362980769230769 0.038461538461538464 0.055288461538461536
1 0.5432692307692307 0.7896634615384616 0.019230769230769232 0.036057692307692304
1 0.5324519230769231 0.5877403846153846 0.028846153846153848 0.040865384615384616
1 0.546875 0.5456730769230769 0.028846153846153848 0.028846153846153848
1 0.5168269230769231 0.06850961538461539 0.01201923076923077 0.021634615384615384
1 0.4483173076923077 0.03365384615384615 0.01201923076923077 0.021634615384615384
1 0.484375 0.07692307692307693 0.01201923076923077 0.01201923076923077
1 0.4543269230769231 0.10697115384615384 0.019230769230769232 0.026442307692307692
1 0.4206730769230769 0.06370192307692307 0.014423076923076924 0.026442307692307692
1 0.49759615384615385 0.140625 0.019230769230769232 0.028846153846153848
1 0.46274038461538464 0.20072115384615385 0.009615384615384616 0.019230769230769232
1 0.4891826923076923 0.23918269230769232 0.02403846153846154 0.026442307692307692
1 0.4362980769230769 0.29927884615384615 0.021634615384615384 0.028846153846153848
1 0.5120192307692307 0.3629807692307692 0.021634615384615384 0.036057692307692304
1 0.4423076923076923 0.34975961538461536 0.021634615384615384 0.028846153846153848
1 0.46153846153846156 0.37740384615384615 0.02403846153846154 0.040865384615384616
1 0.5036057692307693 0.45552884615384615 0.021634615384615384 0.03365384615384615
1 0.35336538461538464 0.09014423076923077 0.014423076923076924 0.026442307692307692
1 0.3269230769230769 0.07091346153846154 0.01201923076923077 0.021634615384615384
1 0.3004807692307692 0.09014423076923077 0.009615384615384616 0.021634615384615384
1 0.29086538461538464 0.09495192307692307 0.014423076923076924 0.026442307692307692
2 0.3173076923076923 0.140625 0.01201923076923077 0.021634615384615384
1 0.25721153846153844 0.11177884615384616 0.014423076923076924 0.028846153846153848
2 0.25600961538461536 0.1466346153846154 0.014423076923076924 0.026442307692307692
1 0.2860576923076923 0.20673076923076922 0.019230769230769232 0.026442307692307692
2 0.34975961538461536 0.171875 0.019230769230769232 0.021634615384615384
0 0.3713942307692308 0.18990384615384615 0.021634615384615384 0.028846153846153848
1 0.36177884615384615 0.29927884615384615 0.021634615384615384 0.026442307692307692
1 0.3942307692307692 0.39663461538461536 0.02403846153846154 0.03365384615384615
1 0.328125 0.3870192307692308 0.021634615384615384 0.028846153846153848
1 0.40384615384615385 0.5240384615384616 0.028846153846153848 0.03365384615384615
1 0.4014423076923077 0.7620192307692307 0.03365384615384615 0.04807692307692308
1 0.4579326923076923 0.8713942307692307 0.036057692307692304 0.05048076923076923
1 0.359375 0.8317307692307693 0.03365384615384615 0.04807692307692308
1 0.17307692307692307 0.08173076923076923 0.014423076923076924 0.028846153846153848
2 0.15384615384615385 0.09615384615384616 0.01201923076923077 0.021634615384615384
1 0.17307692307692307 0.14783653846153846 0.01201923076923077 0.026442307692307692
1 0.16826923076923078 0.17668269230769232 0.019230769230769232 0.026442307692307692
1 0.21995192307692307 0.2439903846153846 0.021634615384615384 0.03365384615384615
1 0.1778846153846154 0.3112980769230769 0.019230769230769232 0.028846153846153848
1 0.30288461538461536 0.42788461538461536 0.02403846153846154 0.036057692307692304
1 0.26802884615384615 0.4050480769230769 0.02403846153846154 0.03365384615384615
1 0.28125 0.46634615384615385 0.026442307692307692 0.03365384615384615
1 0.27524038461538464 0.5408653846153846 0.02403846153846154 0.040865384615384616
1 0.30288461538461536 0.5576923076923077 0.028846153846153848 0.04326923076923077
1 0.25 0.9206730769230769 0.036057692307692304 0.055288461538461536
1 0.10576923076923077 0.9807692307692307 0.04326923076923077 0.03365384615384615
1 0.042067307692307696 0.9867788461538461 0.040865384615384616 0.021634615384615384
1 0.09615384615384616 0.8125 0.03365384615384615 0.04326923076923077
1 0.06370192307692307 0.7908653846153846 0.028846153846153848 0.05048076923076923
1 0.05889423076923077 0.6117788461538461 0.028846153846153848 0.04326923076923077
1 0.057692307692307696 0.5408653846153846 0.028846153846153848 0.040865384615384616
1 0.006009615384615385 0.5 0.007211538461538462 0.040865384615384616
1 0.10216346153846154 0.484375 0.021634615384615384 0.019230769230769232
1 0.08533653846153846 0.4423076923076923 0.02403846153846154 0.036057692307692304
1 0.11658653846153846 0.38100961538461536 0.02403846153846154 0.036057692307692304
1 0.07091346153846154 0.3269230769230769 0.021634615384615384 0.036057692307692304
1 0.125 0.328125 0.02403846153846154 0.03365384615384615
1 0.14543269230769232 0.28846153846153844 0.019230769230769232 0.03365384615384615
1 0.08774038461538461 0.2800480769230769 0.01201923076923077 0.021634615384615384
1 0.140625 0.22956730769230768 0.021634615384615384 0.028846153846153848
1 0.12379807692307693 0.17307692307692307 0.014423076923076924 0.026442307692307692
1 0.03245192307692308 0.18990384615384615 0.01201923076923077 0.026442307692307692
1 0.010817307692307692 0.1141826923076923 0.014423076923076924 0.026442307692307692
1 0.09735576923076923 0.07932692307692307 0.014423076923076924 0.021634615384615384
1 0.12259615384615384 0.046875 0.01201923076923077 0.026442307692307692
1 0.0625 0.05889423076923077 0.014423076923076924 0.019230769230769232
2 0.03365384615384615 0.037259615384615384 0.009615384615384616 0.021634615384615384
2 0.003605769230769231 0.08173076923076923 0.007211538461538462 0.02403846153846154