1 0.9699519230769231 0.38221153846153844 0.055288461538461536 0.09615384615384616
1 0.9507211538461539 0.5252403846153846 0.07692307692307693 0.09375
1 0.859375 0.421875 0.10576923076923077 0.16346153846153846
1 0.7644230769230769 0.42908653846153844 0.0625 0.0889423076923077
1 0.5384615384615384 0.18269230769230768 0.0889423076923077 0.12980769230769232
1 0.203125 0.28125 0.12740384615384615 0.18028846153846154
1 0.10216346153846154 0.39302884615384615 0.06009615384615385 0.0889423076923077
1 0.30528846153846156 0.41947115384615385 0.06009615384615385 0.06971153846153846
1 0.25240384615384615 0.39663461538461536 0.04326923076923077 0.06009615384615385
1 0.7728365384615384 0.33774038461538464 0.06009615384615385 0.07692307692307693
1 0.09375 0.31009615384615385 0.04567307692307692 0.06009615384615385
1 0.0625 0.41586538461538464 0.038461538461538464 0.0673076923076923
1 0.47836538461538464 0.24519230769230768 0.04567307692307692 0.09375