1 0.9435096153846154 0.5108173076923077 0.04326923076923077 0.06490384615384616
1 0.8473557692307693 0.4723557692307692 0.02403846153846154 0.040865384615384616
1 0.8257211538461539 0.5625 0.04326923076923077 0.055288461538461536
1 0.6947115384615384 0.46875 0.0673076923076923 0.0985576923076923
1 0.5877403846153846 0.5793269230769231 0.052884615384615384 0.0889423076923077
1 0.42788461538461536 0.5709134615384616 0.04326923076923077 0.0625
1 0.39302884615384615 0.5576923076923077 0.02403846153846154 0.03365384615384615
2 0.3545673076923077 0.5661057692307693 0.019230769230769232 0.028846153846153848
1 0.2848557692307692 0.6370192307692307 0.04326923076923077 0.055288461538461536
0 0.12860576923076922 0.6033653846153846 0.057692307692307696 0.08413461538461539
1 0.23798076923076922 0.5793269230769231 0.019230769230769232 0.02403846153846154