1 0.8701923076923077 0.6418269230769231 0.1466346153846154 0.19230769230769232
1 0.7235576923076923 0.8689903846153846 0.16105769230769232 0.21875
1 0.6862980769230769 0.5120192307692307 0.08413461538461539 0.11538461538461539
1 0.7608173076923077 0.53125 0.0625 0.07692307692307693
1 0.7235576923076923 0.3894230769230769 0.0625 0.08173076923076923
1 0.6069711538461539 0.39663461538461536 0.0625 0.10096153846153846
1 0.6502403846153846 0.3713942307692308 0.038461538461538464 0.055288461538461536
1 0.5228365384615384 0.5024038461538461 0.09375 0.13221153846153846
1 0.40384615384615385 0.36658653846153844 0.09134615384615384 0.13221153846153846
1 0.265625 0.2932692307692308 0.06971153846153846 0.10336538461538461
1 0.2247596153846154 0.5408653846153846 0.1201923076923077 0.15384615384615385
1 0.0829326923076923 0.8004807692307693 0.1658653846153846 0.23076923076923078
1 0.14423076923076922 0.2980769230769231 0.052884615384615384 0.07692307692307693
1 0.06850961538461539 0.3605769230769231 0.06009615384615385 0.07692307692307693
1 0.036057692307692304 0.6129807692307693 0.07211538461538461 0.23076923076923078
1 0.33533653846153844 0.3798076923076923 0.055288461538461536 0.07692307692307693
1 0.08653846153846154 0.2608173076923077 0.04567307692307692 0.05048076923076923