1 0.11658653846153846 0.7992788461538461 0.06009615384615385 0.08173076923076923
1 0.039663461538461536 0.49759615384615385 0.03125 0.06009615384615385
1 0.11899038461538461 0.4675480769230769 0.04326923076923077 0.0625
2 0.06370192307692307 0.5949519230769231 0.038461538461538464 0.0673076923076923
2 0.037259615384615384 0.6262019230769231 0.036057692307692304 0.07451923076923077
1 0.2536057692307692 0.30649038461538464 0.07451923076923077 0.09615384615384616
1 0.3293269230769231 0.30528846153846156 0.0673076923076923 0.08653846153846154
1 0.44471153846153844 0.30408653846153844 0.07692307692307693 0.10336538461538461
1 0.5997596153846154 0.2848557692307692 0.06490384615384616 0.0889423076923077
1 0.703125 0.23677884615384615 0.07692307692307693 0.10336538461538461
1 0.9375 0.2848557692307692 0.04567307692307692 0.057692307692307696
2 0.9627403846153846 0.4014423076923077 0.052884615384615384 0.08173076923076923