1 0.12620192307692307 0.20432692307692307 0.055288461538461536 0.09134615384615384
1 0.19831730769230768 0.26322115384615385 0.0625 0.07932692307692307
1 0.34375 0.20552884615384615 0.036057692307692304 0.0625
1 0.3870192307692308 0.27403846153846156 0.0625 0.10576923076923077
1 0.41346153846153844 0.21754807692307693 0.038461538461538464 0.06490384615384616
1 0.4411057692307692 0.26322115384615385 0.05048076923076923 0.08413461538461539
1 0.4567307692307692 0.46634615384615385 0.0625 0.0889423076923077
1 0.4723557692307692 0.24639423076923078 0.02403846153846154 0.06009615384615385
1 0.5120192307692307 0.2704326923076923 0.036057692307692304 0.06490384615384616
1 0.5612980769230769 0.27403846153846156 0.040865384615384616 0.07451923076923077
1 0.59375 0.2860576923076923 0.055288461538461536 0.08653846153846154
1 0.6418269230769231 0.32211538461538464 0.04807692307692308 0.06971153846153846
1 0.6742788461538461 0.35336538461538464 0.04807692307692308 0.08413461538461539
1 0.7319711538461539 0.3858173076923077 0.06490384615384616 0.0889423076923077
1 0.7608173076923077 0.2512019230769231 0.03125 0.055288461538461536
1 0.8028846153846154 0.29927884615384615 0.04567307692307692 0.07451923076923077
2 0.8401442307692307 0.30528846153846156 0.04326923076923077 0.06490384615384616
1 0.8737980769230769 0.30288461538461536 0.026442307692307692 0.04807692307692308
1 0.9158653846153846 0.29927884615384615 0.05048076923076923 0.06971153846153846
1 0.96875 0.32572115384615385 0.06009615384615385 0.08413461538461539