1 0.8942307692307693 0.36899038461538464 0.07451923076923077 0.1346153846153846
1 0.6959134615384616 0.3870192307692308 0.0625 0.10817307692307693
1 0.6610576923076923 0.4567307692307692 0.08173076923076923 0.10817307692307693
1 0.5685096153846154 0.3449519230769231 0.0625 0.10096153846153846
2 0.5264423076923077 0.37740384615384615 0.07932692307692307 0.11778846153846154
1 0.49399038461538464 0.5012019230769231 0.11298076923076923 0.16826923076923078
2 0.4519230769230769 0.30649038461538464 0.0625 0.09134615384615384
2 0.36899038461538464 0.3088942307692308 0.07451923076923077 0.11057692307692307
2 0.2668269230769231 0.39302884615384615 0.06971153846153846 0.10336538461538461
1 0.3245192307692308 0.5 0.06971153846153846 0.10576923076923077
1 0.24879807692307693 0.49759615384615385 0.07692307692307693 0.12980769230769232
1 0.08774038461538461 0.4543269230769231 0.06490384615384616 0.09615384615384616
0 0.21634615384615385 0.5528846153846154 0.09375 0.13221153846153846
2 0.037259615384615384 0.5036057692307693 0.07451923076923077 0.11778846153846154
2 0.7740384615384616 0.2860576923076923 0.04326923076923077 0.0625
2 0.15504807692307693 0.4182692307692308 0.04326923076923077 0.0673076923076923
1 0.039663461538461536 0.42908653846153844 0.038461538461538464 0.057692307692307696