1 0.9555288461538461 0.5336538461538461 0.08413461538461539 0.1346153846153846
1 0.9026442307692307 0.375 0.04567307692307692 0.06490384615384616
1 0.8629807692307693 0.3449519230769231 0.03365384615384615 0.04567307692307692
1 0.8088942307692307 0.3076923076923077 0.028846153846153848 0.03365384615384615
1 0.9579326923076923 0.3016826923076923 0.026442307692307692 0.028846153846153848
1 0.7932692307692307 0.390625 0.04326923076923077 0.04807692307692308
1 0.7475961538461539 0.328125 0.03125 0.04326923076923077
1 0.7163461538461539 0.5 0.1346153846153846 0.17548076923076922
1 0.6911057692307693 0.328125 0.028846153846153848 0.028846153846153848
1 0.6069711538461539 0.35096153846153844 0.019230769230769232 0.021634615384615384
1 0.5865384615384616 0.3762019230769231 0.03125 0.036057692307692304
1 0.5528846153846154 0.44471153846153844 0.04807692307692308 0.06490384615384616
1 0.4519230769230769 0.4483173076923077 0.07211538461538461 0.09375
1 0.48197115384615385 0.40024038461538464 0.028846153846153848 0.05048076923076923
1 0.5408653846153846 0.3737980769230769 0.021634615384615384 0.02403846153846154
1 0.39783653846153844 0.36177884615384615 0.03125 0.03365384615384615
1 0.28846153846153844 0.4170673076923077 0.028846153846153848 0.028846153846153848
1 0.28365384615384615 0.36899038461538464 0.021634615384615384 0.02403846153846154
1 0.24879807692307693 0.46875 0.028846153846153848 0.036057692307692304
1 0.25841346153846156 0.3894230769230769 0.019230769230769232 0.019230769230769232
1 0.21394230769230768 0.43149038461538464 0.02403846153846154 0.03125
1 0.171875 0.4831730769230769 0.055288461538461536 0.06971153846153846
1 0.10096153846153846 0.44711538461538464 0.028846153846153848 0.036057692307692304
1 0.014423076923076924 0.5180288461538461 0.028846153846153848 0.06971153846153846
1 0.028846153846153848 0.4423076923076923 0.03365384615384615 0.036057692307692304
2 0.43990384615384615 0.3545673076923077 0.016826923076923076 0.021634615384615384