1 0.1201923076923077 0.36177884615384615 0.021634615384615384 0.03125
1 0.036057692307692304 0.4338942307692308 0.038461538461538464 0.0673076923076923
1 0.09375 0.5252403846153846 0.03125 0.0673076923076923
1 0.2091346153846154 0.43028846153846156 0.055288461538461536 0.0985576923076923
1 0.23317307692307693 0.359375 0.02403846153846154 0.052884615384615384
1 0.26322115384615385 0.3317307692307692 0.021634615384615384 0.040865384615384616
1 0.328125 0.34975961538461536 0.01201923076923077 0.026442307692307692
1 0.30288461538461536 0.38341346153846156 0.019230769230769232 0.036057692307692304
1 0.32091346153846156 0.4651442307692308 0.038461538461538464 0.07211538461538461
1 0.3545673076923077 0.43028846153846156 0.021634615384615384 0.052884615384615384
1 0.4014423076923077 0.44471153846153844 0.06009615384615385 0.0985576923076923
1 0.44711538461538464 0.625 0.06971153846153846 0.1346153846153846
0 0.4483173076923077 0.37740384615384615 0.01201923076923077 0.021634615384615384
1 0.5961538461538461 0.4723557692307692 0.026442307692307692 0.0673076923076923
1 0.6466346153846154 0.40865384615384615 0.021634615384615384 0.04567307692307692
1 0.6875 0.5036057692307693 0.038461538461538464 0.07211538461538461
1 0.8425480769230769 0.6586538461538461 0.17067307692307693 0.3125
1 0.9314903846153846 0.7560096153846154 0.06490384615384616 0.12980769230769232