1 0.0733173076923077 0.22235576923076922 0.04567307692307692 0.0889423076923077
1 0.15625 0.21153846153846154 0.0625 0.09615384615384616
1 0.2403846153846154 0.5733173076923077 0.04567307692307692 0.0673076923076923
1 0.31850961538461536 0.4026442307692308 0.05048076923076923 0.08653846153846154
1 0.3737980769230769 0.33653846153846156 0.04567307692307692 0.0673076923076923
1 0.4338942307692308 0.39302884615384615 0.052884615384615384 0.07211538461538461
1 0.4807692307692308 0.39903846153846156 0.040865384615384616 0.057692307692307696
1 0.5889423076923077 0.38822115384615385 0.04326923076923077 0.06971153846153846
1 0.6514423076923077 0.41466346153846156 0.04567307692307692 0.07211538461538461
1 0.7463942307692307 0.3701923076923077 0.04567307692307692 0.0673076923076923
2 0.2512019230769231 0.28846153846153844 0.05048076923076923 0.08173076923076923
2 0.3401442307692308 0.31850961538461536 0.036057692307692304 0.052884615384615384
2 0.5492788461538461 0.3942307692307692 0.040865384615384616 0.07451923076923077
2 0.4182692307692308 0.34975961538461536 0.04567307692307692 0.07211538461538461