1 0.8341346153846154 0.9050480769230769 0.07932692307692307 0.0985576923076923
1 0.7067307692307693 0.8786057692307693 0.07451923076923077 0.09615384615384616
1 0.5925480769230769 0.8822115384615384 0.07211538461538461 0.09375
1 0.41346153846153844 0.890625 0.08413461538461539 0.0985576923076923
1 0.15745192307692307 0.6995192307692307 0.07692307692307693 0.08413461538461539
1 0.010817307692307692 0.7355769230769231 0.021634615384615384 0.0625
1 0.3076923076923077 0.6213942307692307 0.07211538461538461 0.08653846153846154
1 0.15745192307692307 0.43509615384615385 0.06009615384615385 0.06971153846153846
1 0.021634615384615384 0.46875 0.04326923076923077 0.07211538461538461
1 0.2848557692307692 0.4579326923076923 0.04807692307692308 0.06009615384615385
1 0.421875 0.6646634615384616 0.06971153846153846 0.07932692307692307
1 0.5600961538461539 0.6610576923076923 0.06971153846153846 0.07932692307692307
1 0.7512019230769231 0.6430288461538461 0.04567307692307692 0.08173076923076923
1 0.7908653846153846 0.6370192307692307 0.06971153846153846 0.09134615384615384
1 0.8569711538461539 0.6466346153846154 0.06490384615384616 0.08173076923076923
1 0.8846153846153846 0.46875 0.055288461538461536 0.0673076923076923
1 0.7475961538461539 0.47836538461538464 0.05048076923076923 0.0625
1 0.6706730769230769 0.4543269230769231 0.055288461538461536 0.0673076923076923
1 0.5348557692307693 0.48677884615384615 0.06490384615384616 0.06971153846153846
1 0.4338942307692308 0.47836538461538464 0.0625 0.06971153846153846
1 0.07692307692307693 0.25961538461538464 0.052884615384615384 0.0673076923076923
1 0.23197115384615385 0.2548076923076923 0.038461538461538464 0.06490384615384616
1 0.3233173076923077 0.26322115384615385 0.052884615384615384 0.06971153846153846
1 0.3942307692307692 0.2764423076923077 0.052884615384615384 0.055288461538461536
1 0.515625 0.24759615384615385 0.05048076923076923 0.0673076923076923
1 0.5685096153846154 0.2668269230769231 0.04567307692307692 0.06490384615384616
1 0.6838942307692307 0.24519230769230768 0.04567307692307692 0.06490384615384616
1 0.7608173076923077 0.27884615384615385 0.04326923076923077 0.057692307692307696
1 0.8762019230769231 0.2764423076923077 0.04326923076923077 0.057692307692307696
1 0.9675480769230769 0.29447115384615385 0.052884615384615384 0.06971153846153846
1 0.9579326923076923 0.19230769230769232 0.03125 0.05048076923076923
1 0.8617788461538461 0.20793269230769232 0.04326923076923077 0.057692307692307696
1 0.7367788461538461 0.1875 0.040865384615384616 0.0625
1 0.5961538461538461 0.12980769230769232 0.038461538461538464 0.06009615384615385
1 0.5024038461538461 0.14302884615384615 0.04567307692307692 0.06490384615384616
1 0.3762019230769231 0.1466346153846154 0.04567307692307692 0.06490384615384616
1 0.28966346153846156 0.10697115384615384 0.052884615384615384 0.06971153846153846
1 0.17307692307692307 0.1141826923076923 0.04567307692307692 0.0625
1 0.08533653846153846 0.11538461538461539 0.036057692307692304 0.06490384615384616
1 0.2848557692307692 0.016826923076923076 0.040865384615384616 0.03365384615384615
1 0.3557692307692308 0.028846153846153848 0.04807692307692308 0.057692307692307696
1 0.4519230769230769 0.040865384615384616 0.04326923076923077 0.0625
1 0.5793269230769231 0.06370192307692307 0.040865384615384616 0.052884615384615384
1 0.6442307692307693 0.08052884615384616 0.040865384615384616 0.04567307692307692
1 0.7127403846153846 0.08173076923076923 0.040865384615384616 0.052884615384615384
1 0.8016826923076923 0.08413461538461539 0.04567307692307692 0.052884615384615384
1 0.9110576923076923 0.12860576923076922 0.03125 0.040865384615384616