1 0.9507211538461539 0.5793269230769231 0.09375 0.1971153846153846
1 0.6778846153846154 0.31490384615384615 0.07211538461538461 0.11298076923076923
1 0.6706730769230769 0.6658653846153846 0.14182692307692307 0.27884615384615385
1 0.4495192307692308 0.5036057692307693 0.11538461538461539 0.21153846153846154
0 0.3786057692307692 0.28846153846153844 0.08173076923076923 0.14903846153846154
1 0.32091346153846156 0.2692307692307692 0.06009615384615385 0.11538461538461539
1 0.2247596153846154 0.2860576923076923 0.07692307692307693 0.14423076923076922
1 0.14182692307692307 0.36658653846153844 0.11538461538461539 0.18269230769230768
1 0.013221153846153846 0.21153846153846154 0.026442307692307692 0.10096153846153846
1 0.3545673076923077 0.7247596153846154 0.13701923076923078 0.22355769230769232
2 0.5805288461538461 0.20432692307692307 0.052884615384615384 0.07932692307692307