1 0.4723557692307692 0.41947115384615385 0.04326923076923077 0.052884615384615384
1 0.22115384615384615 0.4579326923076923 0.040865384615384616 0.04567307692307692
2 0.12740384615384615 0.4579326923076923 0.04326923076923077 0.05048076923076923
2 0.28966346153846156 0.4254807692307692 0.040865384615384616 0.04567307692307692
2 0.35336538461538464 0.39663461538461536 0.038461538461538464 0.04326923076923077
2 0.5384615384615384 0.4182692307692308 0.036057692307692304 0.052884615384615384
2 0.6418269230769231 0.4182692307692308 0.04326923076923077 0.05048076923076923
2 0.5685096153846154 0.39903846153846156 0.036057692307692304 0.04326923076923077
0 0.8088942307692307 0.42788461538461536 0.04567307692307692 0.052884615384615384
0 0.7259615384615384 0.4206730769230769 0.036057692307692304 0.052884615384615384
0 0.7451923076923077 0.578125 0.036057692307692304 0.05048076923076923
0 0.3918269230769231 0.4182692307692308 0.04326923076923077 0.052884615384615384
1 0.9338942307692307 0.47596153846153844 0.02403846153846154 0.03125
2 0.16346153846153846 0.4266826923076923 0.02403846153846154 0.028846153846153848