1 0.9639423076923077 0.10576923076923077 0.028846153846153848 0.04567307692307692
1 0.8894230769230769 0.08533653846153846 0.028846153846153848 0.038461538461538464
1 0.7259615384615384 0.10216346153846154 0.03125 0.057692307692307696
1 0.6117788461538461 0.038461538461538464 0.03125 0.04567307692307692
1 0.9579326923076923 0.2403846153846154 0.036057692307692304 0.055288461538461536
1 0.8810096153846154 0.20072115384615385 0.036057692307692304 0.04807692307692308
1 0.7487980769230769 0.1814903846153846 0.03365384615384615 0.055288461538461536
1 0.7199519230769231 0.24639423076923078 0.03365384615384615 0.04807692307692308
1 0.7740384615384616 0.33052884615384615 0.036057692307692304 0.04807692307692308
1 0.9375 0.3293269230769231 0.040865384615384616 0.055288461538461536
1 0.9759615384615384 0.4026442307692308 0.038461538461538464 0.06009615384615385
1 0.9014423076923077 0.44711538461538464 0.038461538461538464 0.04807692307692308
1 0.8978365384615384 0.5180288461538461 0.036057692307692304 0.0625
1 0.8341346153846154 0.5432692307692307 0.036057692307692304 0.06009615384615385
1 0.8173076923076923 0.625 0.05048076923076923 0.0673076923076923
1 0.8473557692307693 0.8293269230769231 0.05048076923076923 0.06490384615384616
1 0.8112980769230769 0.9519230769230769 0.05048076923076923 0.07451923076923077
1 0.7139423076923077 0.890625 0.04807692307692308 0.06009615384615385
1 0.671875 0.5180288461538461 0.04326923076923077 0.055288461538461536
1 0.6646634615384616 0.37259615384615385 0.03365384615384615 0.052884615384615384
1 0.5949519230769231 0.828125 0.05048076923076923 0.07451923076923077
1 0.5528846153846154 0.5661057692307693 0.04326923076923077 0.06971153846153846
1 0.5336538461538461 0.10096153846153846 0.03125 0.036057692307692304
1 0.5048076923076923 0.15625 0.03365384615384615 0.04807692307692308
1 0.44471153846153844 0.10576923076923077 0.03125 0.04567307692307692
1 0.4639423076923077 0.1971153846153846 0.03365384615384615 0.04807692307692308
1 0.36899038461538464 0.1778846153846154 0.036057692307692304 0.04807692307692308
1 0.3894230769230769 0.2403846153846154 0.040865384615384616 0.0625
1 0.4110576923076923 0.3942307692307692 0.038461538461538464 0.06009615384615385
1 0.45072115384615385 0.4879807692307692 0.040865384615384616 0.0673076923076923
1 0.25961538461538464 0.7716346153846154 0.04807692307692308 0.07451923076923077
1 0.24158653846153846 0.35336538461538464 0.040865384615384616 0.0673076923076923
1 0.19831730769230768 0.5204326923076923 0.04326923076923077 0.0625
1 0.2536057692307692 0.021634615384615384 0.03365384615384615 0.040865384615384616
1 0.2283653846153846 0.013221153846153846 0.028846153846153848 0.026442307692307692
2 0.1141826923076923 0.026442307692307692 0.028846153846153848 0.05048076923076923
1 0.19591346153846154 0.0889423076923077 0.036057692307692304 0.040865384615384616
1 0.057692307692307696 0.31009615384615385 0.040865384615384616 0.04326923076923077
1 0.1045673076923077 0.4579326923076923 0.038461538461538464 0.06009615384615385
1 0.06490384615384616 0.6478365384615384 0.038461538461538464 0.0625
1 0.028846153846153848 0.6971153846153846 0.055288461538461536 0.057692307692307696