1 0.9302884615384616 0.2536057692307692 0.04807692307692308 0.06971153846153846
1 0.8329326923076923 0.1310096153846154 0.036057692307692304 0.05048076923076923
1 0.7572115384615384 0.29447115384615385 0.04567307692307692 0.0625
1 0.6526442307692307 0.09375 0.03365384615384615 0.04567307692307692
1 0.6057692307692307 0.14903846153846154 0.04326923076923077 0.06490384615384616
1 0.49038461538461536 0.35216346153846156 0.057692307692307696 0.0889423076923077
1 0.5673076923076923 0.0829326923076923 0.040865384615384616 0.057692307692307696
1 0.5036057692307693 0.09014423076923077 0.038461538461538464 0.055288461538461536
1 0.3942307692307692 0.25841346153846156 0.04807692307692308 0.07211538461538461
1 0.4110576923076923 0.20072115384615385 0.038461538461538464 0.055288461538461536
2 0.6021634615384616 0.07932692307692307 0.026442307692307692 0.03125
2 0.43028846153846156 0.09495192307692307 0.02403846153846154 0.040865384615384616
1 0.4266826923076923 0.03485576923076923 0.026442307692307692 0.036057692307692304
1 0.3557692307692308 0.125 0.03365384615384615 0.04326923076923077
2 0.39903846153846156 0.019230769230769232 0.028846153846153848 0.038461538461538464
0 0.328125 0.06490384615384616 0.026442307692307692 0.04567307692307692
1 0.2764423076923077 0.042067307692307696 0.03365384615384615 0.05048076923076923
1 0.25721153846153844 0.04447115384615385 0.014423076923076924 0.03365384615384615
2 0.29927884615384615 0.039663461538461536 0.021634615384615384 0.03365384615384615
2 0.14423076923076922 0.037259615384615384 0.03125 0.038461538461538464
1 0.06971153846153846 0.07451923076923077 0.03125 0.04567307692307692