1 0.9050480769230769 0.7475961538461539 0.16826923076923078 0.3173076923076923
1 0.7391826923076923 0.6129807692307693 0.10096153846153846 0.18990384615384615
2 0.6995192307692307 0.3762019230769231 0.06490384615384616 0.10576923076923077
1 0.5901442307692307 0.5108173076923077 0.08653846153846154 0.14423076923076922
2 0.5252403846153846 0.35216346153846156 0.03365384615384615 0.1201923076923077
1 0.4543269230769231 0.4206730769230769 0.10576923076923077 0.21153846153846154
1 0.35697115384615385 0.4182692307692308 0.08653846153846154 0.18269230769230768
2 0.3269230769230769 0.1346153846153846 0.04326923076923077 0.08413461538461539
1 0.13581730769230768 0.21033653846153846 0.04807692307692308 0.07692307692307693
1 0.0829326923076923 0.17908653846153846 0.055288461538461536 0.10096153846153846
1 0.2608173076923077 0.3125 0.04807692307692308 0.08413461538461539
1 0.21875 0.41586538461538464 0.07211538461538461 0.14182692307692307
1 0.040865384615384616 0.4362980769230769 0.0673076923076923 0.13701923076923078
1 0.24759615384615385 0.9074519230769231 0.1346153846153846 0.16826923076923078
1 0.5588942307692307 0.09975961538461539 0.03365384615384615 0.057692307692307696
2 0.4050480769230769 0.13221153846153846 0.028846153846153848 0.07211538461538461
2 0.22355769230769232 0.046875 0.03365384615384615 0.04807692307692308