1 0.08173076923076923 0.2704326923076923 0.06971153846153846 0.10096153846153846
1 0.28725961538461536 0.22235576923076922 0.07211538461538461 0.0889423076923077
1 0.36177884615384615 0.042067307692307696 0.07932692307692307 0.08413461538461539
2 0.07211538461538461 0.3942307692307692 0.06490384615384616 0.09375
1 0.051682692307692304 0.7067307692307693 0.0889423076923077 0.12740384615384615
0 0.11177884615384616 0.6466346153846154 0.07451923076923077 0.11778846153846154
1 0.2536057692307692 0.44350961538461536 0.06971153846153846 0.10096153846153846
1 0.5552884615384616 0.13822115384615385 0.07451923076923077 0.08653846153846154
1 0.5240384615384616 0.26802884615384615 0.08173076923076923 0.10336538461538461
1 0.515625 0.4206730769230769 0.07692307692307693 0.10336538461538461
1 0.29447115384615385 0.8918269230769231 0.0889423076923077 0.1201923076923077
1 0.47836538461538464 0.7463942307692307 0.08653846153846154 0.10576923076923077
1 0.5180288461538461 0.8305288461538461 0.09375 0.12259615384615384
1 0.6598557692307693 0.5108173076923077 0.06971153846153846 0.09375
1 0.7199519230769231 0.296875 0.07692307692307693 0.0985576923076923
1 0.8137019230769231 0.3088942307692308 0.07692307692307693 0.10817307692307693
1 0.921875 0.14903846153846154 0.057692307692307696 0.07932692307692307
1 0.9579326923076923 0.41586538461538464 0.08173076923076923 0.09375
1 0.9350961538461539 0.7163461538461539 0.07692307692307693 0.09615384615384616