1 0.9002403846153846 0.2776442307692308 0.0625 0.09375
0 0.7512019230769231 0.3449519230769231 0.052884615384615384 0.07451923076923077
1 0.6442307692307693 0.25961538461538464 0.057692307692307696 0.0889423076923077
1 0.6430288461538461 0.6742788461538461 0.11298076923076923 0.19951923076923078
1 0.5913461538461539 0.46875 0.09134615384615384 0.1346153846153846
1 0.4543269230769231 0.25721153846153844 0.03365384615384615 0.0625
1 0.38100961538461536 0.4387019230769231 0.0985576923076923 0.15865384615384615
0 0.3112980769230769 0.21394230769230768 0.038461538461538464 0.07211538461538461
1 0.2956730769230769 0.3137019230769231 0.04807692307692308 0.07692307692307693
1 0.22596153846153846 0.46153846153846156 0.0625 0.09615384615384616
1 0.1971153846153846 0.29447115384615385 0.055288461538461536 0.08173076923076923
1 0.109375 0.5444711538461539 0.12740384615384615 0.17067307692307693
1 0.056490384615384616 0.23317307692307693 0.040865384615384616 0.0625
1 0.11298076923076923 0.234375 0.04326923076923077 0.06971153846153846