1 0.08413461538461539 0.7391826923076923 0.1466346153846154 0.3125
2 0.3858173076923077 0.07091346153846154 0.04567307692307692 0.06971153846153846
1 0.28125 0.0733173076923077 0.06490384615384616 0.07451923076923077
1 0.2283653846153846 0.19471153846153846 0.06009615384615385 0.08413461538461539
1 0.3173076923076923 0.1971153846153846 0.07932692307692307 0.10817307692307693
2 0.5612980769230769 0.20072115384615385 0.04567307692307692 0.07211538461538461
2 0.5300480769230769 0.25841346153846156 0.0673076923076923 0.0889423076923077
1 0.6550480769230769 0.12860576923076922 0.06490384615384616 0.0985576923076923
1 0.796875 0.16706730769230768 0.05048076923076923 0.08413461538461539
1 0.7740384615384616 0.4543269230769231 0.09134615384615384 0.11298076923076923
1 0.9170673076923077 0.3161057692307692 0.06971153846153846 0.0889423076923077
1 0.4879807692307692 0.4170673076923077 0.07932692307692307 0.11778846153846154