1 0.14182692307692307 0.1814903846153846 0.06971153846153846 0.10096153846153846
1 0.21153846153846154 0.2536057692307692 0.0625 0.09615384615384616
1 0.3942307692307692 0.26802884615384615 0.07692307692307693 0.11298076923076923
1 0.4519230769230769 0.26322115384615385 0.06009615384615385 0.09615384615384616
1 0.4483173076923077 0.49759615384615385 0.07692307692307693 0.11538461538461539
1 0.5252403846153846 0.2704326923076923 0.04326923076923077 0.0673076923076923
1 0.5757211538461539 0.2692307692307692 0.04567307692307692 0.0889423076923077
1 0.6045673076923077 0.28846153846153844 0.06009615384615385 0.0985576923076923
1 0.6502403846153846 0.3329326923076923 0.052884615384615384 0.08653846153846154
1 0.6790865384615384 0.37740384615384615 0.06009615384615385 0.0985576923076923
1 0.7355769230769231 0.41225961538461536 0.07692307692307693 0.1201923076923077
1 0.8100961538461539 0.31009615384615385 0.05048076923076923 0.08173076923076923
2 0.8509615384615384 0.3233173076923077 0.052884615384615384 0.06490384615384616
1 0.9278846153846154 0.3137019230769231 0.06009615384615385 0.09134615384615384
1 0.9711538461538461 0.3473557692307692 0.052884615384615384 0.10336538461538461
1 0.4254807692307692 0.20673076923076922 0.05048076923076923 0.07211538461538461
1 0.3605769230769231 0.18990384615384615 0.05048076923076923 0.06971153846153846