1 0.9038461538461539 0.30649038461538464 0.12740384615384615 0.18028846153846154
1 0.6262019230769231 0.22596153846153846 0.05048076923076923 0.07451923076923077
1 0.5396634615384616 0.2704326923076923 0.04326923076923077 0.07932692307692307
1 0.3269230769230769 0.2860576923076923 0.05048076923076923 0.07932692307692307
1 0.25240384615384615 0.21514423076923078 0.06009615384615385 0.10096153846153846
1 0.06850961538461539 0.3389423076923077 0.11778846153846154 0.21153846153846154
1 0.2848557692307692 0.5036057692307693 0.057692307692307696 0.09134615384615384
2 0.140625 0.35096153846153844 0.07211538461538461 0.0985576923076923
2 0.5625 0.19951923076923078 0.03365384615384615 0.057692307692307696
1 0.6514423076923077 0.1778846153846154 0.03125 0.0673076923076923
2 0.7331730769230769 0.13822115384615385 0.05048076923076923 0.09615384615384616
1 0.38822115384615385 0.19110576923076922 0.04807692307692308 0.07451923076923077