1 0.9362980769230769 0.27403846153846156 0.038461538461538464 0.0625
1 0.8473557692307693 0.27283653846153844 0.04567307692307692 0.07451923076923077
2 0.7992788461538461 0.21754807692307693 0.03125 0.04326923076923077
2 0.7716346153846154 0.17307692307692307 0.04326923076923077 0.06009615384615385
2 0.6694711538461539 0.203125 0.04807692307692308 0.0673076923076923
1 0.5168269230769231 0.234375 0.06009615384615385 0.09615384615384616
0 0.4891826923076923 0.17668269230769232 0.026442307692307692 0.057692307692307696
2 0.4266826923076923 0.16947115384615385 0.04567307692307692 0.06971153846153846
0 0.36658653846153844 0.15504807692307693 0.04807692307692308 0.06971153846153846
1 0.20432692307692307 0.12259615384615384 0.06490384615384616 0.10576923076923077
1 0.2776442307692308 0.10697115384615384 0.03125 0.04567307692307692
1 0.30408653846153844 0.1778846153846154 0.028846153846153848 0.04326923076923077
2 0.9651442307692307 0.19591346153846154 0.03365384615384615 0.055288461538461536