1 0.7932692307692307 0.30528846153846156 0.0625 0.09615384615384616
1 0.6682692307692307 0.25721153846153844 0.07211538461538461 0.0985576923076923
1 0.3173076923076923 0.0733173076923077 0.07211538461538461 0.10336538461538461
1 0.21754807692307693 0.06370192307692307 0.014423076923076924 0.026442307692307692
2 0.4110576923076923 0.10817307692307693 0.007211538461538462 0.014423076923076924
1 0.4855769230769231 0.13822115384615385 0.009615384615384616 0.014423076923076924
1 0.5697115384615384 0.17668269230769232 0.004807692307692308 0.009615384615384616
1 0.5480769230769231 0.1658653846153846 0.007211538461538462 0.009615384615384616
1 0.546875 0.16346153846153846 0.007211538461538462 0.014423076923076924
1 0.5276442307692307 0.1502403846153846 0.004807692307692308 0.009615384615384616
1 0.5168269230769231 0.15264423076923078 0.004807692307692308 0.009615384615384616