2 0.9230769230769231 0.375 0.12259615384615384 0.15625
2 0.8100961538461539 0.04447115384615385 0.09134615384615384 0.0889423076923077
1 0.7439903846153846 0.03365384615384615 0.07932692307692307 0.0673076923076923
2 0.6730769230769231 0.06129807692307692 0.09615384615384616 0.12259615384615384
2 0.6778846153846154 0.23076923076923078 0.06009615384615385 0.08413461538461539
2 0.7704326923076923 0.4074519230769231 0.11298076923076923 0.14423076923076922
2 0.8665865384615384 0.5504807692307693 0.12980769230769232 0.12980769230769232
1 0.8713942307692307 0.7932692307692307 0.18028846153846154 0.24519230769230768
2 0.6766826923076923 0.6177884615384616 0.17307692307692307 0.18990384615384615
2 0.6418269230769231 0.33653846153846156 0.1201923076923077 0.14182692307692307
2 0.5637019230769231 0.10817307692307693 0.0889423076923077 0.0889423076923077
2 0.47596153846153844 0.14543269230769232 0.08413461538461539 0.10336538461538461
1 0.4074519230769231 0.12259615384615384 0.09375 0.11298076923076923
1 0.47475961538461536 0.34975961538461536 0.11778846153846154 0.14423076923076922
2 0.3762019230769231 0.2848557692307692 0.08413461538461539 0.11298076923076923
2 0.28125 0.15384615384615385 0.10336538461538461 0.13221153846153846
2 0.17908653846153846 0.17548076923076922 0.08413461538461539 0.09134615384615384
2 0.20673076923076922 0.3317307692307692 0.08173076923076923 0.10336538461538461
1 0.30649038461538464 0.47115384615384615 0.1346153846153846 0.17307692307692307
2 0.4098557692307692 0.6911057692307693 0.1201923076923077 0.1466346153846154
1 0.3269230769230769 0.8473557692307693 0.13221153846153846 0.16105769230769232
1 0.1814903846153846 0.5757211538461539 0.1201923076923077 0.15625
2 0.05889423076923077 0.24278846153846154 0.08173076923076923 0.10576923076923077
1 0.04567307692307692 0.4230769230769231 0.09134615384615384 0.11538461538461539