1 0.9927884615384616 0.31490384615384615 0.009615384615384616 0.07211538461538461
1 0.9182692307692307 0.16346153846153846 0.07692307692307693 0.1346153846153846
1 0.7644230769230769 0.3581730769230769 0.03365384615384615 0.07451923076923077
0 0.6514423076923077 0.3449519230769231 0.036057692307692304 0.06009615384615385
1 0.6418269230769231 0.16466346153846154 0.04567307692307692 0.09615384615384616
1 0.5324519230769231 0.16706730769230768 0.036057692307692304 0.08653846153846154
1 0.5336538461538461 0.23076923076923078 0.036057692307692304 0.06971153846153846
1 0.38461538461538464 0.20673076923076922 0.04326923076923077 0.07451923076923077
1 0.33413461538461536 0.20793269230769232 0.040865384615384616 0.07451923076923077
1 0.2620192307692308 0.2608173076923077 0.02403846153846154 0.04567307692307692
1 0.22235576923076922 0.20072115384615385 0.04567307692307692 0.07451923076923077
1 0.1466346153846154 0.21875 0.038461538461538464 0.06490384615384616
1 0.11057692307692307 0.21514423076923078 0.03365384615384615 0.06971153846153846