1 0.3112980769230769 0.34134615384615385 0.08413461538461539 0.11778846153846154
1 0.16105769230769232 0.2091346153846154 0.07211538461538461 0.11298076923076923
1 0.4026442307692308 0.22235576923076922 0.08173076923076923 0.12980769230769232
1 0.6189903846153846 0.44711538461538464 0.07211538461538461 0.09134615384615384
1 0.5949519230769231 0.35336538461538464 0.0673076923076923 0.09375
1 0.6923076923076923 0.38341346153846156 0.055288461538461536 0.07451923076923077
1 0.7584134615384616 0.36538461538461536 0.06490384615384616 0.07451923076923077
1 0.9314903846153846 0.3894230769230769 0.04567307692307692 0.0625
1 0.8305288461538461 0.36778846153846156 0.04807692307692308 0.055288461538461536
1 0.8798076923076923 0.3485576923076923 0.026442307692307692 0.040865384615384616
1 0.5276442307692307 0.2824519230769231 0.036057692307692304 0.04807692307692308