1 0.9747596153846154 0.33052884615384615 0.04567307692307692 0.10336538461538461
1 0.8701923076923077 0.28365384615384615 0.08413461538461539 0.11057692307692307
1 0.75 0.25 0.09134615384615384 0.11298076923076923
1 0.6526442307692307 0.2644230769230769 0.07692307692307693 0.07932692307692307
1 0.5997596153846154 0.25841346153846156 0.08413461538461539 0.11298076923076923
1 0.3641826923076923 0.17908653846153846 0.09375 0.15144230769230768
1 0.21394230769230768 0.21033653846153846 0.0985576923076923 0.14423076923076922
1 0.1045673076923077 0.45913461538461536 0.10817307692307693 0.16105769230769232
1 0.171875 0.5612980769230769 0.10576923076923077 0.12740384615384615
1 0.3701923076923077 0.5829326923076923 0.09615384615384616 0.13221153846153846
1 0.47836538461538464 0.49759615384615385 0.0985576923076923 0.15384615384615385
1 0.6286057692307693 0.6237980769230769 0.11298076923076923 0.12980769230769232
1 0.8521634615384616 0.5841346153846154 0.0985576923076923 0.13942307692307693