1 0.5264423076923077 0.5889423076923077 0.125 0.16826923076923078
1 0.046875 0.3629807692307692 0.026442307692307692 0.036057692307692304
1 0.13581730769230768 0.41225961538461536 0.01201923076923077 0.03365384615384615
1 0.24759615384615385 0.42427884615384615 0.019230769230769232 0.03125
1 0.28125 0.4170673076923077 0.026442307692307692 0.03365384615384615
1 0.38100961538461536 0.4543269230769231 0.021634615384615384 0.038461538461538464
2 0.3581730769230769 0.41947115384615385 0.028846153846153848 0.040865384615384616
1 0.4411057692307692 0.4387019230769231 0.02403846153846154 0.040865384615384616
1 0.5012019230769231 0.45552884615384615 0.026442307692307692 0.04326923076923077
1 0.65625 0.49158653846153844 0.021634615384615384 0.038461538461538464
1 0.7007211538461539 0.484375 0.014423076923076924 0.03125
1 0.7367788461538461 0.5180288461538461 0.016826923076923076 0.03125
1 0.8942307692307693 0.40024038461538464 0.021634615384615384 0.026442307692307692
1 0.9387019230769231 0.5324519230769231 0.014423076923076924 0.028846153846153848
2 0.8882211538461539 0.5180288461538461 0.02403846153846154 0.036057692307692304
1 0.9002403846153846 0.4639423076923077 0.021634615384615384 0.028846153846153848