2 0.9759615384615384 0.19471153846153846 0.04326923076923077 0.07692307692307693
2 0.8834134615384616 0.3004807692307692 0.0625 0.07692307692307693
2 0.8545673076923077 0.4567307692307692 0.06971153846153846 0.0889423076923077
1 0.8425480769230769 0.6358173076923077 0.0673076923076923 0.08173076923076923
2 0.6129807692307693 0.16706730769230768 0.057692307692307696 0.07451923076923077
1 0.6177884615384616 0.32572115384615385 0.06490384615384616 0.07692307692307693
1 0.5540865384615384 0.4110576923076923 0.0625 0.07692307692307693
1 0.5372596153846154 0.5865384615384616 0.06971153846153846 0.0889423076923077
1 0.3737980769230769 0.026442307692307692 0.06009615384615385 0.052884615384615384
1 0.27163461538461536 0.09615384615384616 0.06490384615384616 0.07451923076923077
2 0.2536057692307692 0.22115384615384615 0.052884615384615384 0.0625
2 0.32211538461538464 0.3786057692307692 0.06009615384615385 0.07932692307692307
1 0.18629807692307693 0.5492788461538461 0.057692307692307696 0.052884615384615384