2 0.9158653846153846 0.12620192307692307 0.04567307692307692 0.06490384615384616
2 0.8653846153846154 0.10817307692307693 0.06009615384615385 0.07692307692307693
2 0.8028846153846154 0.11177884615384616 0.040865384615384616 0.057692307692307696
2 0.8088942307692307 0.16826923076923078 0.036057692307692304 0.07692307692307693
2 0.9098557692307693 0.3076923076923077 0.04326923076923077 0.06490384615384616
1 0.9038461538461539 0.4338942307692308 0.07451923076923077 0.10576923076923077
0 0.8713942307692307 0.5516826923076923 0.07932692307692307 0.11298076923076923
2 0.7992788461538461 0.9026442307692307 0.10096153846153846 0.10576923076923077
2 0.6262019230769231 0.020432692307692308 0.040865384615384616 0.040865384615384616
2 0.6370192307692307 0.12980769230769232 0.052884615384615384 0.07692307692307693
2 0.5949519230769231 0.17908653846153846 0.04567307692307692 0.07932692307692307
2 0.5637019230769231 0.19831730769230768 0.04326923076923077 0.07692307692307693
2 0.7115384615384616 0.3329326923076923 0.052884615384615384 0.07211538461538461
1 0.671875 0.5024038461538461 0.06490384615384616 0.0985576923076923
1 0.5901442307692307 0.5132211538461539 0.057692307692307696 0.09375
2 0.44711538461538464 0.21033653846153846 0.04326923076923077 0.0625
2 0.41346153846153844 0.21754807692307693 0.038461538461538464 0.06490384615384616
1 0.3701923076923077 0.27884615384615385 0.04807692307692308 0.10096153846153846
2 0.25961538461538464 0.16826923076923078 0.06009615384615385 0.09615384615384616
2 0.18509615384615385 0.21394230769230768 0.04567307692307692 0.06971153846153846
1 0.057692307692307696 0.234375 0.06971153846153846 0.0985576923076923
1 0.10096153846153846 0.38461538461538464 0.07211538461538461 0.1201923076923077
2 0.625 0.021634615384615384 0.04326923076923077 0.04326923076923077