1 0.49038461538461536 0.27403846153846156 0.08413461538461539 0.12740384615384615
1 0.0889423076923077 0.42908653846153844 0.04807692307692308 0.06490384615384616
1 0.15865384615384615 0.4891826923076923 0.040865384615384616 0.05048076923076923
1 0.30408653846153844 0.5096153846153846 0.03365384615384615 0.055288461538461536
1 0.22956730769230768 0.5216346153846154 0.02403846153846154 0.04567307692307692
1 0.2608173076923077 0.5552884615384616 0.026442307692307692 0.04326923076923077
1 0.6334134615384616 0.5432692307692307 0.028846153846153848 0.04567307692307692
2 0.6141826923076923 0.6646634615384616 0.021634615384615384 0.038461538461538464
1 0.7764423076923077 0.4266826923076923 0.040865384615384616 0.07692307692307693
1 0.8497596153846154 0.4543269230769231 0.038461538461538464 0.07211538461538461
1 0.9350961538461539 0.328125 0.0673076923076923 0.12740384615384615