1 0.18870192307692307 0.5096153846153846 0.10576923076923077 0.15865384615384615
2 0.41466346153846156 0.6310096153846154 0.1971153846153846 0.31490384615384615
1 0.06610576923076923 0.42788461538461536 0.08413461538461539 0.12980769230769232
0 0.1045673076923077 0.2512019230769231 0.06490384615384616 0.10817307692307693
2 0.18990384615384615 0.3894230769230769 0.07211538461538461 0.0985576923076923
1 0.23557692307692307 0.3076923076923077 0.0673076923076923 0.0889423076923077
1 0.2956730769230769 0.27403846153846156 0.07692307692307693 0.09375
1 0.38221153846153844 0.30408653846153844 0.06490384615384616 0.0889423076923077
1 0.4411057692307692 0.3641826923076923 0.07932692307692307 0.11538461538461539
1 0.5168269230769231 0.359375 0.08413461538461539 0.09615384615384616
2 0.3942307692307692 0.18269230769230768 0.04807692307692308 0.07692307692307693
1 0.296875 0.12860576923076922 0.03125 0.04326923076923077
1 0.3786057692307692 0.09615384615384616 0.03365384615384615 0.04807692307692308
1 0.6610576923076923 0.4182692307692308 0.12259615384615384 0.17067307692307693
1 0.07451923076923077 0.2860576923076923 0.052884615384615384 0.0889423076923077
1 0.203125 0.23557692307692307 0.057692307692307696 0.07451923076923077
1 0.4807692307692308 0.04927884615384615 0.021634615384615384 0.03365384615384615
1 0.8713942307692307 0.828125 0.10576923076923077 0.1971153846153846
1 0.8389423076923077 0.46634615384615385 0.12259615384615384 0.1875
1 0.7716346153846154 0.22235576923076922 0.08653846153846154 0.11298076923076923
1 0.7932692307692307 0.359375 0.055288461538461536 0.0985576923076923
1 0.7091346153846154 0.15504807692307693 0.0625 0.10817307692307693
1 0.7920673076923077 0.10096153846153846 0.04567307692307692 0.07211538461538461