1 0.2848557692307692 0.18028846153846154 0.057692307692307696 0.08173076923076923
1 0.4170673076923077 0.22716346153846154 0.036057692307692304 0.05048076923076923
2 0.45913461538461536 0.21033653846153846 0.038461538461538464 0.055288461538461536
2 0.4723557692307692 0.29086538461538464 0.036057692307692304 0.040865384615384616
0 0.5264423076923077 0.23798076923076922 0.038461538461538464 0.06490384615384616
1 0.6358173076923077 0.2247596153846154 0.026442307692307692 0.04326923076923077
1 0.6622596153846154 0.3076923076923077 0.038461538461538464 0.06490384615384616
1 0.765625 0.3137019230769231 0.04326923076923077 0.07692307692307693
2 0.8485576923076923 0.27524038461538464 0.055288461538461536 0.08173076923076923
1 0.9302884615384616 0.3293269230769231 0.06009615384615385 0.0889423076923077
2 0.359375 0.2764423076923077 0.03125 0.036057692307692304