0 0.08052884615384616 0.2776442307692308 0.12980769230769232 0.18990384615384615
2 0.1971153846153846 0.1466346153846154 0.07211538461538461 0.0889423076923077
1 0.3245192307692308 0.22235576923076922 0.052884615384615384 0.09134615384615384
1 0.39663461538461536 0.35336538461538464 0.09375 0.13701923076923078
1 0.28365384615384615 0.7728365384615384 0.23798076923076922 0.3245192307692308
1 0.5793269230769231 0.6778846153846154 0.22596153846153846 0.3245192307692308
1 0.6081730769230769 0.3858173076923077 0.11298076923076923 0.17067307692307693
1 0.47115384615384615 0.25 0.08173076923076923 0.1201923076923077
2 0.8028846153846154 0.20432692307692307 0.09615384615384616 0.13701923076923078
1 0.9050480769230769 0.09495192307692307 0.10096153846153846 0.12259615384615384
1 0.9326923076923077 0.2403846153846154 0.09615384615384616 0.15144230769230768
1 0.7920673076923077 0.5228365384615384 0.13221153846153846 0.19471153846153846