1 0.046875 0.3329326923076923 0.06490384615384616 0.07211538461538461
1 0.19831730769230768 0.26322115384615385 0.057692307692307696 0.07451923076923077
1 0.11658653846153846 0.3701923076923077 0.028846153846153848 0.04326923076923077
1 0.28365384615384615 0.28966346153846156 0.038461538461538464 0.055288461538461536
1 0.36658653846153844 0.25961538461538464 0.055288461538461536 0.08653846153846154
1 0.47475961538461536 0.25600961538461536 0.057692307692307696 0.09134615384615384
1 0.6514423076923077 0.21875 0.04567307692307692 0.0889423076923077
1 0.7944711538461539 0.16826923076923078 0.052884615384615384 0.08173076923076923
1 0.5432692307692307 0.32091346153846156 0.014423076923076924 0.02403846153846154
1 0.9435096153846154 0.25240384615384615 0.014423076923076924 0.02403846153846154
1 0.9314903846153846 0.2608173076923077 0.019230769230769232 0.028846153846153848