1 0.6802884615384616 0.375 0.10817307692307693 0.1971153846153846
1 0.9399038461538461 0.49278846153846156 0.11538461538461539 0.1778846153846154
1 0.8786057692307693 0.3713942307692308 0.10096153846153846 0.15865384615384615
1 0.6105769230769231 0.5204326923076923 0.0985576923076923 0.15865384615384615
1 0.5949519230769231 0.3737980769230769 0.0889423076923077 0.13942307692307693
1 0.46033653846153844 0.2644230769230769 0.13221153846153846 0.17548076923076922
1 0.7980769230769231 0.39302884615384615 0.06490384615384616 0.1201923076923077
0 0.36899038461538464 0.45072115384615385 0.15384615384615385 0.23557692307692307
2 0.26802884615384615 0.36177884615384615 0.10817307692307693 0.17307692307692307
2 0.10697115384615384 0.2247596153846154 0.08173076923076923 0.12980769230769232
2 0.07932692307692307 0.21153846153846154 0.06971153846153846 0.14903846153846154