1 0.9483173076923077 0.7548076923076923 0.0985576923076923 0.14423076923076922
0 0.8858173076923077 0.6814903846153846 0.08173076923076923 0.12740384615384615
2 0.8918269230769231 0.38461538461538464 0.06971153846153846 0.10096153846153846
1 0.7307692307692307 0.44471153846153844 0.07451923076923077 0.1201923076923077
1 0.671875 0.171875 0.07692307692307693 0.10336538461538461
1 0.8665865384615384 0.234375 0.0673076923076923 0.11298076923076923
1 0.9158653846153846 0.17668269230769232 0.05048076923076923 0.09375
1 0.5300480769230769 0.9038461538461539 0.0985576923076923 0.14182692307692307
1 0.5516826923076923 0.8016826923076923 0.08413461538461539 0.11057692307692307
1 0.48197115384615385 0.41225961538461536 0.08173076923076923 0.11538461538461539
1 0.45552884615384615 0.22115384615384615 0.08173076923076923 0.10336538461538461
1 0.41466346153846156 0.07211538461538461 0.07211538461538461 0.08653846153846154
1 0.28125 0.2620192307692308 0.07932692307692307 0.1201923076923077
1 0.3605769230769231 0.515625 0.07692307692307693 0.11298076923076923
1 0.19471153846153846 0.27884615384615385 0.08413461538461539 0.125
1 0.10576923076923077 0.21875 0.07692307692307693 0.0985576923076923
1 0.07451923076923077 0.4098557692307692 0.0889423076923077 0.11538461538461539
1 0.11899038461538461 0.7716346153846154 0.08653846153846154 0.11298076923076923