1 0.9266826923076923 0.10576923076923077 0.07692307692307693 0.13701923076923078
1 0.8100961538461539 0.13221153846153846 0.0889423076923077 0.14182692307692307
1 0.8064903846153846 0.39783653846153844 0.09615384615384616 0.15625
1 0.9098557692307693 0.7319711538461539 0.08413461538461539 0.14182692307692307
1 0.6826923076923077 0.45072115384615385 0.09375 0.16826923076923078
1 0.7199519230769231 0.8004807692307693 0.08413461538461539 0.125
1 0.4891826923076923 0.6141826923076923 0.09615384615384616 0.18269230769230768
1 0.49038461538461536 0.9014423076923077 0.0889423076923077 0.16826923076923078
1 0.4050480769230769 0.5709134615384616 0.08413461538461539 0.15144230769230768
1 0.28125 0.7872596153846154 0.08653846153846154 0.16826923076923078
1 0.14543269230769232 0.33533653846153844 0.0889423076923077 0.15865384615384615
1 0.025240384615384616 0.20673076923076922 0.05048076923076923 0.125
1 0.03485576923076923 0.44591346153846156 0.06971153846153846 0.15625
1 0.17067307692307693 0.640625 0.08413461538461539 0.16346153846153846
1 0.06850961538461539 0.7319711538461539 0.10096153846153846 0.16826923076923078
1 0.21033653846153846 0.9266826923076923 0.0985576923076923 0.14182692307692307