1 0.11658653846153846 0.1814903846153846 0.10576923076923077 0.15865384615384615
1 0.1814903846153846 0.3485576923076923 0.16346153846153846 0.21634615384615385
1 0.41947115384615385 0.35096153846153844 0.08413461538461539 0.10817307692307693
1 0.47115384615384615 0.20552884615384615 0.07451923076923077 0.09134615384615384
1 0.4831730769230769 0.2860576923076923 0.07211538461538461 0.11538461538461539
1 0.5612980769230769 0.2692307692307692 0.1346153846153846 0.17548076923076922
1 0.7043269230769231 0.2848557692307692 0.07932692307692307 0.10817307692307693
2 0.6911057692307693 0.14423076923076922 0.055288461538461536 0.07692307692307693
2 0.7728365384615384 0.23317307692307693 0.055288461538461536 0.07932692307692307
1 0.8353365384615384 0.3137019230769231 0.08413461538461539 0.125
1 0.890625 0.4879807692307692 0.12980769230769232 0.1658653846153846
1 0.9134615384615384 0.28846153846153844 0.06490384615384616 0.08653846153846154
1 0.9014423076923077 0.1658653846153846 0.0625 0.07932692307692307