1 0.8822115384615384 0.21995192307692307 0.04326923076923077 0.07211538461538461
1 0.7644230769230769 0.22956730769230768 0.052884615384615384 0.07692307692307693
1 0.6706730769230769 0.24639423076923078 0.040865384615384616 0.057692307692307696
1 0.5817307692307693 0.125 0.06009615384615385 0.0985576923076923
1 0.5252403846153846 0.17067307692307693 0.03365384615384615 0.04807692307692308
1 0.45072115384615385 0.17668269230769232 0.052884615384615384 0.07692307692307693
1 0.375 0.3641826923076923 0.04807692307692308 0.07692307692307693
1 0.3269230769230769 0.1466346153846154 0.052884615384615384 0.07692307692307693
1 0.24158653846153846 0.20072115384615385 0.05048076923076923 0.07932692307692307
1 0.17307692307692307 0.21754807692307693 0.03365384615384615 0.057692307692307696
1 0.1310096153846154 0.21754807692307693 0.04326923076923077 0.0625
1 0.10817307692307693 0.16706730769230768 0.026442307692307692 0.040865384615384616
1 0.039663461538461536 0.13942307692307693 0.052884615384615384 0.08413461538461539