1 0.04567307692307692 0.46033653846153844 0.021634615384615384 0.04567307692307692
1 0.12980769230769232 0.5264423076923077 0.038461538461538464 0.07211538461538461
1 0.18028846153846154 0.5084134615384616 0.06490384615384616 0.12259615384615384
1 0.2283653846153846 0.4855769230769231 0.036057692307692304 0.07211538461538461
1 0.3112980769230769 0.6658653846153846 0.06490384615384616 0.10817307692307693
1 0.05048076923076923 0.39302884615384615 0.01201923076923077 0.02403846153846154
1 0.09735576923076923 0.39302884615384615 0.016826923076923076 0.028846153846153848
1 0.12139423076923077 0.40384615384615385 0.02403846153846154 0.038461538461538464
1 0.14302884615384615 0.4026442307692308 0.019230769230769232 0.03365384615384615
1 0.2980769230769231 0.41947115384615385 0.028846153846153848 0.052884615384615384
1 0.32091346153846156 0.43990384615384615 0.019230769230769232 0.03365384615384615
1 0.33413461538461536 0.5012019230769231 0.028846153846153848 0.04326923076923077
1 0.36177884615384615 0.40024038461538464 0.016826923076923076 0.03365384615384615
1 0.4423076923076923 0.46875 0.028846153846153848 0.04326923076923077
1 0.41225961538461536 0.6382211538461539 0.03365384615384615 0.052884615384615384
1 0.49759615384615385 0.46274038461538464 0.02403846153846154 0.06009615384615385
1 0.5360576923076923 0.5 0.036057692307692304 0.0673076923076923
1 0.5180288461538461 0.6213942307692307 0.04807692307692308 0.1346153846153846
1 0.47115384615384615 0.37259615384615385 0.019230769230769232 0.038461538461538464
1 0.4266826923076923 0.3737980769230769 0.02403846153846154 0.038461538461538464
1 0.6418269230769231 0.5096153846153846 0.04567307692307692 0.0673076923076923
1 0.5793269230769231 0.4362980769230769 0.02403846153846154 0.038461538461538464
1 0.6850961538461539 0.3762019230769231 0.016826923076923076 0.03365384615384615
1 0.6730769230769231 0.33533653846153844 0.016826923076923076 0.028846153846153848
1 0.7668269230769231 0.7055288461538461 0.14182692307692307 0.2548076923076923
1 0.9639423076923077 0.4387019230769231 0.04326923076923077 0.09375
1 0.875 0.46875 0.028846153846153848 0.052884615384615384
1 0.06850961538461539 0.5721153846153846 0.019230769230769232 0.038461538461538464
1 0.0673076923076923 0.3870192307692308 0.016826923076923076 0.028846153846153848