1 0.02403846153846154 0.5829326923076923 0.028846153846153848 0.04807692307692308
1 0.12139423076923077 0.8605769230769231 0.026442307692307692 0.038461538461538464
1 0.07572115384615384 0.5528846153846154 0.03125 0.04807692307692308
1 0.140625 0.5528846153846154 0.03125 0.055288461538461536
2 0.13942307692307693 0.6802884615384616 0.03125 0.052884615384615384
2 0.1971153846153846 0.7560096153846154 0.026442307692307692 0.04807692307692308
1 0.11778846153846154 0.4266826923076923 0.03125 0.04807692307692308
1 0.17067307692307693 0.42788461538461536 0.019230769230769232 0.04567307692307692
2 0.11778846153846154 0.32091346153846156 0.028846153846153848 0.04326923076923077
1 0.046875 0.21394230769230768 0.02403846153846154 0.040865384615384616
1 0.3004807692307692 0.7163461538461539 0.038461538461538464 0.0625
1 0.3954326923076923 0.9134615384615384 0.040865384615384616 0.0625
1 0.32211538461538464 0.6490384615384616 0.03125 0.055288461538461536
2 0.2980769230769231 0.5108173076923077 0.026442307692307692 0.04326923076923077
1 0.265625 0.44591346153846156 0.026442307692307692 0.04807692307692308
1 0.37259615384615385 0.5072115384615384 0.026442307692307692 0.04807692307692308
1 0.421875 0.7115384615384616 0.036057692307692304 0.057692307692307696
1 0.4735576923076923 0.8209134615384616 0.036057692307692304 0.06490384615384616
1 0.4411057692307692 0.8112980769230769 0.038461538461538464 0.06490384615384616
1 0.5384615384615384 0.9146634615384616 0.02403846153846154 0.04567307692307692
1 0.5132211538461539 0.6550480769230769 0.036057692307692304 0.06009615384615385
1 0.4879807692307692 0.6069711538461539 0.036057692307692304 0.040865384615384616
1 0.44471153846153844 0.46033653846153844 0.03365384615384615 0.04807692307692308
1 0.3425480769230769 0.3942307692307692 0.03365384615384615 0.04807692307692308
1 0.19951923076923078 0.29927884615384615 0.026442307692307692 0.03365384615384615
2 0.18389423076923078 0.2620192307692308 0.026442307692307692 0.04326923076923077
2 0.24759615384615385 0.30528846153846156 0.03125 0.04807692307692308
2 0.27884615384615385 0.27283653846153844 0.026442307692307692 0.038461538461538464
1 0.35096153846153844 0.2920673076923077 0.028846153846153848 0.04326923076923077
1 0.32091346153846156 0.22956730769230768 0.03125 0.04326923076923077
1 0.21995192307692307 0.11538461538461539 0.02403846153846154 0.038461538461538464
1 0.2512019230769231 0.07932692307692307 0.019230769230769232 0.038461538461538464
1 0.2932692307692308 0.18990384615384615 0.02403846153846154 0.038461538461538464
1 0.36778846153846156 0.17307692307692307 0.02403846153846154 0.03365384615384615
1 0.21514423076923078 0.24158653846153846 0.02403846153846154 0.038461538461538464
1 0.4206730769230769 0.38461538461538464 0.03125 0.04326923076923077
1 0.4483173076923077 0.3233173076923077 0.028846153846153848 0.052884615384615384
1 0.48677884615384615 0.3641826923076923 0.028846153846153848 0.04807692307692308
1 0.515625 0.4795673076923077 0.026442307692307692 0.04326923076923077
1 0.6826923076923077 0.8557692307692307 0.040865384615384616 0.0625
1 0.7391826923076923 0.9375 0.04326923076923077 0.0625
1 0.6310096153846154 0.5528846153846154 0.03125 0.04326923076923077
1 0.6153846153846154 0.3870192307692308 0.028846153846153848 0.038461538461538464
1 0.5444711538461539 0.375 0.028846153846153848 0.04807692307692308
1 0.5588942307692307 0.33653846153846156 0.026442307692307692 0.038461538461538464
1 0.5552884615384616 0.2704326923076923 0.02403846153846154 0.038461538461538464
1 0.4891826923076923 0.203125 0.026442307692307692 0.038461538461538464
2 0.3557692307692308 0.0625 0.016826923076923076 0.03365384615384615
1 0.38461538461538464 0.04326923076923077 0.026442307692307692 0.038461538461538464
1 0.46033653846153844 0.07692307692307693 0.02403846153846154 0.038461538461538464
1 0.4963942307692308 0.025240384615384616 0.019230769230769232 0.03365384615384615
1 0.5997596153846154 0.1201923076923077 0.02403846153846154 0.038461538461538464
2 0.6177884615384616 0.09014423076923077 0.021634615384615384 0.028846153846153848
1 0.6298076923076923 0.2620192307692308 0.02403846153846154 0.03365384615384615
1 0.6826923076923077 0.36658653846153844 0.026442307692307692 0.04326923076923077
1 0.7427884615384616 0.5805288461538461 0.036057692307692304 0.057692307692307696
1 0.7163461538461539 0.41346153846153844 0.028846153846153848 0.04807692307692308
1 0.7463942307692307 0.4579326923076923 0.03125 0.04807692307692308
1 0.7487980769230769 0.38221153846153844 0.028846153846153848 0.04807692307692308
1 0.7680288461538461 0.5492788461538461 0.028846153846153848 0.04807692307692308
1 0.6466346153846154 0.04807692307692308 0.019230769230769232 0.03365384615384615
1 0.7019230769230769 0.009615384615384616 0.019230769230769232 0.019230769230769232
2 0.7091346153846154 0.04447115384615385 0.019230769230769232 0.03365384615384615
2 0.6923076923076923 0.12740384615384615 0.019230769230769232 0.03365384615384615
1 0.7668269230769231 0.1658653846153846 0.026442307692307692 0.04326923076923077
1 0.8064903846153846 0.06610576923076923 0.021634615384615384 0.03365384615384615
1 0.8497596153846154 0.056490384615384616 0.021634615384615384 0.03365384615384615
1 0.8473557692307693 0.1310096153846154 0.026442307692307692 0.038461538461538464
1 0.8509615384615384 0.20793269230769232 0.028846153846153848 0.04326923076923077
1 0.8233173076923077 0.24278846153846154 0.02403846153846154 0.040865384615384616
1 0.8798076923076923 0.2536057692307692 0.026442307692307692 0.04326923076923077
1 0.9110576923076923 0.18870192307692307 0.014423076923076924 0.028846153846153848
1 0.9014423076923077 0.31971153846153844 0.03125 0.04807692307692308
1 0.9447115384615384 0.39302884615384615 0.03125 0.04326923076923077
1 0.9362980769230769 0.24278846153846154 0.026442307692307692 0.04807692307692308
1 0.7944711538461539 0.030048076923076924 0.016826923076923076 0.028846153846153848
1 0.9879807692307693 0.515625 0.019230769230769232 0.055288461538461536
1 0.9362980769230769 0.4495192307692308 0.026442307692307692 0.038461538461538464