1 0.9879807692307693 0.20432692307692307 0.019230769230769232 0.08653846153846154
1 0.9411057692307693 0.2439903846153846 0.06490384615384616 0.10576923076923077
2 0.9122596153846154 0.3942307692307692 0.06009615384615385 0.0985576923076923
1 0.921875 0.8918269230769231 0.0889423076923077 0.14903846153846154
1 0.7740384615384616 0.12740384615384615 0.0673076923076923 0.0889423076923077
1 0.7355769230769231 0.4026442307692308 0.0673076923076923 0.1201923076923077
0 0.8197115384615384 0.6778846153846154 0.06971153846153846 0.13701923076923078
1 0.8533653846153846 0.7728365384615384 0.08413461538461539 0.14423076923076922
1 0.5877403846153846 0.9206730769230769 0.07932692307692307 0.13942307692307693
1 0.5480769230769231 0.10697115384615384 0.07692307692307693 0.10817307692307693
1 0.5192307692307693 0.296875 0.07211538461538461 0.11538461538461539
1 0.46634615384615385 0.6911057692307693 0.06490384615384616 0.10096153846153846
1 0.4074519230769231 0.78125 0.08653846153846154 0.1346153846153846
1 0.375 0.09014423076923077 0.0673076923076923 0.10336538461538461
1 0.37259615384615385 0.3629807692307692 0.06490384615384616 0.11538461538461539
1 0.28846153846153844 0.08173076923076923 0.07932692307692307 0.12980769230769232
1 0.13341346153846154 0.16466346153846154 0.07692307692307693 0.10817307692307693
1 0.06610576923076923 0.5288461538461539 0.08413461538461539 0.11778846153846154