1 0.9435096153846154 0.9002403846153846 0.10817307692307693 0.1658653846153846
1 0.8173076923076923 0.7836538461538461 0.07451923076923077 0.11538461538461539
1 0.7055288461538461 0.7331730769230769 0.13701923076923078 0.23557692307692307
1 0.5096153846153846 0.6129807692307693 0.08173076923076923 0.1658653846153846
1 0.6706730769230769 0.234375 0.04807692307692308 0.07692307692307693
1 0.5877403846153846 0.10817307692307693 0.038461538461538464 0.06009615384615385
1 0.5685096153846154 0.2439903846153846 0.038461538461538464 0.06971153846153846
1 0.4891826923076923 0.13822115384615385 0.03125 0.04326923076923077
1 0.39663461538461536 0.15625 0.038461538461538464 0.06490384615384616
1 0.43149038461538464 0.375 0.038461538461538464 0.0673076923076923
1 0.3112980769230769 0.5673076923076923 0.10817307692307693 0.16346153846153846
1 0.234375 0.20072115384615385 0.036057692307692304 0.055288461538461536
2 0.14903846153846154 0.35336538461538464 0.038461538461538464 0.06009615384615385
2 0.32572115384615385 0.20552884615384615 0.038461538461538464 0.06490384615384616
2 0.5528846153846154 0.453125 0.05048076923076923 0.07692307692307693