1 0.13581730769230768 0.22596153846153846 0.06009615384615385 0.08173076923076923
1 0.20432692307692307 0.20793269230769232 0.05048076923076923 0.0673076923076923
1 0.2608173076923077 0.1875 0.040865384615384616 0.055288461538461536
1 0.3125 0.2764423076923077 0.0625 0.07932692307692307
1 0.46274038461538464 0.29927884615384615 0.0625 0.07932692307692307
1 0.5637019230769231 0.2536057692307692 0.11057692307692307 0.1466346153846154
1 0.6598557692307693 0.26802884615384615 0.06009615384615385 0.09375
1 0.7295673076923077 0.3701923076923077 0.038461538461538464 0.05048076923076923
1 0.8040865384615384 0.3425480769230769 0.057692307692307696 0.08173076923076923
1 0.8810096153846154 0.41346153846153844 0.04807692307692308 0.0673076923076923
1 0.9711538461538461 0.4050480769230769 0.04807692307692308 0.06971153846153846
1 0.9927884615384616 0.40024038461538464 0.009615384615384616 0.055288461538461536
1 0.34375 0.19230769230769232 0.036057692307692304 0.04326923076923077