1 0.6490384615384616 0.7788461538461539 0.11778846153846154 0.2091346153846154
1 0.47716346153846156 0.1310096153846154 0.04326923076923077 0.09375
2 0.27403846153846156 0.11778846153846154 0.06490384615384616 0.10336538461538461
1 0.3713942307692308 0.3737980769230769 0.055288461538461536 0.10576923076923077
2 0.7259615384615384 0.06610576923076923 0.019230769230769232 0.036057692307692304
2 0.6730769230769231 0.078125 0.019230769230769232 0.036057692307692304
2 0.5853365384615384 0.04807692307692308 0.021634615384615384 0.03125
1 0.18990384615384615 0.1778846153846154 0.028846153846153848 0.040865384615384616
1 0.32572115384615385 0.05889423076923077 0.02403846153846154 0.04567307692307692
2 0.41947115384615385 0.04326923076923077 0.019230769230769232 0.04567307692307692
1 0.6358173076923077 0.11538461538461539 0.02403846153846154 0.04807692307692308
1 0.6370192307692307 0.1814903846153846 0.038461538461538464 0.10336538461538461