1 0.04447115384615385 0.15985576923076922 0.026442307692307692 0.0673076923076923
1 0.09735576923076923 0.09495192307692307 0.026442307692307692 0.057692307692307696
1 0.12740384615384615 0.19110576923076922 0.028846153846153848 0.057692307692307696
1 0.2127403846153846 0.17307692307692307 0.038461538461538464 0.07211538461538461
1 0.2764423076923077 0.20432692307692307 0.055288461538461536 0.08653846153846154
1 0.3233173076923077 0.11298076923076923 0.03365384615384615 0.07692307692307693
1 0.3786057692307692 0.1141826923076923 0.026442307692307692 0.057692307692307696
1 0.5336538461538461 0.20793269230769232 0.04326923076923077 0.09134615384615384
1 0.6117788461538461 0.17908653846153846 0.040865384615384616 0.09615384615384616
1 0.7259615384615384 0.18269230769230768 0.06009615384615385 0.11538461538461539
1 0.8149038461538461 0.203125 0.05048076923076923 0.10096153846153846
1 0.90625 0.17067307692307693 0.038461538461538464 0.0673076923076923
2 0.9086538461538461 0.4699519230769231 0.03365384615384615 0.07692307692307693