1 0.19230769230769232 0.1310096153846154 0.06490384615384616 0.09615384615384616
0 0.08774038461538461 0.2548076923076923 0.052884615384615384 0.08653846153846154
1 0.38822115384615385 0.18389423076923078 0.055288461538461536 0.07451923076923077
1 0.3125 0.27163461538461536 0.040865384615384616 0.0625
1 0.9362980769230769 0.2548076923076923 0.05048076923076923 0.07932692307692307
0 0.9026442307692307 0.31971153846153844 0.06490384615384616 0.0985576923076923
0 0.5540865384615384 0.20072115384615385 0.07451923076923077 0.10817307692307693
2 0.8257211538461539 0.3245192307692308 0.06490384615384616 0.09615384615384616
2 0.6634615384615384 0.2608173076923077 0.05048076923076923 0.07451923076923077
2 0.42788461538461536 0.20793269230769232 0.040865384615384616 0.0625
2 0.3112980769230769 0.13221153846153846 0.055288461538461536 0.07211538461538461
2 0.7884615384615384 0.25961538461538464 0.040865384615384616 0.0673076923076923