1 0.8882211538461539 0.5576923076923077 0.10817307692307693 0.19951923076923078
1 0.7560096153846154 0.3581730769230769 0.11298076923076923 0.15144230769230768
1 0.9555288461538461 0.29927884615384615 0.0625 0.09134615384615384
1 0.7427884615384616 0.12620192307692307 0.055288461538461536 0.09134615384615384
1 0.5685096153846154 0.33653846153846156 0.06971153846153846 0.10576923076923077
1 0.5180288461538461 0.2608173076923077 0.052884615384615384 0.09375
1 0.4182692307692308 0.25600961538461536 0.05048076923076923 0.10096153846153846
1 0.4362980769230769 0.44350961538461536 0.07932692307692307 0.125
1 0.36778846153846156 0.6502403846153846 0.08173076923076923 0.13701923076923078
1 0.25240384615384615 0.3870192307692308 0.08413461538461539 0.11298076923076923
1 0.4807692307692308 0.042067307692307696 0.038461538461538464 0.07451923076923077
1 0.24639423076923078 0.078125 0.04326923076923077 0.05048076923076923
1 0.09975961538461539 0.1310096153846154 0.09134615384615384 0.1466346153846154
1 0.6009615384615384 0.11778846153846154 0.03125 0.06490384615384616