1 0.24519230769230768 0.23557692307692307 0.055288461538461536 0.06971153846153846
1 0.36177884615384615 0.25600961538461536 0.055288461538461536 0.07451923076923077
1 0.4699519230769231 0.30288461538461536 0.0673076923076923 0.08173076923076923
1 0.1502403846153846 0.203125 0.03365384615384615 0.04807692307692308
1 0.36899038461538464 0.19110576923076922 0.038461538461538464 0.052884615384615384
1 0.2980769230769231 0.1875 0.026442307692307692 0.040865384615384616
1 0.45072115384615385 0.24278846153846154 0.057692307692307696 0.07932692307692307
1 0.8918269230769231 0.35697115384615385 0.055288461538461536 0.06971153846153846
1 0.7463942307692307 0.28365384615384615 0.052884615384615384 0.06971153846153846
1 0.6442307692307693 0.27524038461538464 0.052884615384615384 0.06971153846153846
2 0.8004807692307693 0.3173076923076923 0.05048076923076923 0.0889423076923077
1 0.9423076923076923 0.3016826923076923 0.036057692307692304 0.055288461538461536
1 0.14182692307692307 0.2536057692307692 0.028846153846153848 0.06009615384615385