1 0.09495192307692307 0.4074519230769231 0.05048076923076923 0.07451923076923077
1 0.19831730769230768 0.4182692307692308 0.055288461538461536 0.07451923076923077
1 0.29447115384615385 0.40384615384615385 0.04807692307692308 0.0673076923076923
1 0.35336538461538464 0.43028846153846156 0.052884615384615384 0.08653846153846154
1 0.4855769230769231 0.46274038461538464 0.052884615384615384 0.07932692307692307
1 0.5108173076923077 0.4266826923076923 0.036057692307692304 0.0889423076923077
1 0.6189903846153846 0.4483173076923077 0.03125 0.05048076923076923
1 0.7079326923076923 0.3485576923076923 0.0625 0.0985576923076923
1 0.8834134615384616 0.3918269230769231 0.06971153846153846 0.09615384615384616
1 0.9927884615384616 0.43028846153846156 0.009615384615384616 0.07692307692307693
1 0.9375 0.4182692307692308 0.055288461538461536 0.08173076923076923
2 0.6418269230769231 0.4579326923076923 0.04326923076923077 0.07451923076923077
2 0.4050480769230769 0.4807692307692308 0.05048076923076923 0.07932692307692307
2 0.26322115384615385 0.44350961538461536 0.055288461538461536 0.08653846153846154