2 0.8810096153846154 0.18990384615384615 0.07211538461538461 0.11298076923076923
2 0.6802884615384616 0.06009615384615385 0.03365384615384615 0.0673076923076923
2 0.5300480769230769 0.07211538461538461 0.038461538461538464 0.07211538461538461
1 0.48677884615384615 0.11177884615384616 0.057692307692307696 0.11298076923076923
2 0.6334134615384616 0.19951923076923078 0.06490384615384616 0.09615384615384616
1 0.6454326923076923 0.3557692307692308 0.08413461538461539 0.15144230769230768
2 0.8088942307692307 0.3798076923076923 0.0673076923076923 0.07451923076923077
0 0.8629807692307693 0.8173076923076923 0.07451923076923077 0.12259615384615384
0 0.6935096153846154 0.4855769230769231 0.08173076923076923 0.15625
0 0.5288461538461539 0.4362980769230769 0.1201923076923077 0.20192307692307693
2 0.38822115384615385 0.21153846153846154 0.04567307692307692 0.08173076923076923
1 0.34375 0.24519230769230768 0.07211538461538461 0.12740384615384615
1 0.1502403846153846 0.24519230769230768 0.10336538461538461 0.1778846153846154
1 0.2764423076923077 0.6814903846153846 0.12980769230769232 0.2283653846153846