2 0.8137019230769231 0.875 0.13942307692307693 0.22355769230769232
2 0.9242788461538461 0.6322115384615384 0.11538461538461539 0.15144230769230768
1 0.9579326923076923 0.4362980769230769 0.07932692307692307 0.10817307692307693
1 0.8725961538461539 0.4074519230769231 0.10817307692307693 0.1778846153846154
1 0.8064903846153846 0.3762019230769231 0.04807692307692308 0.0889423076923077
2 0.734375 0.43509615384615385 0.11057692307692307 0.18269230769230768
1 0.6370192307692307 0.6935096153846154 0.13221153846153846 0.20192307692307693
1 0.5420673076923077 0.6514423076923077 0.10096153846153846 0.15384615384615385
1 0.39903846153846156 0.6286057692307693 0.15625 0.2403846153846154
1 0.5096153846153846 0.44350961538461536 0.057692307692307696 0.14903846153846154
2 0.65625 0.3762019230769231 0.07932692307692307 0.13942307692307693
0 0.5673076923076923 0.3173076923076923 0.08173076923076923 0.13221153846153846
2 0.4423076923076923 0.27283653846153844 0.07451923076923077 0.1201923076923077
2 0.8209134615384616 0.21514423076923078 0.06490384615384616 0.10336538461538461
1 0.8557692307692307 0.23798076923076922 0.04326923076923077 0.08653846153846154
1 0.9146634615384616 0.1778846153846154 0.05048076923076923 0.07932692307692307
0 0.9567307692307693 0.24519230769230768 0.04326923076923077 0.07932692307692307
1 0.8521634615384616 0.07692307692307693 0.03365384615384615 0.052884615384615384
1 0.7944711538461539 0.1466346153846154 0.028846153846153848 0.05048076923076923
1 0.7692307692307693 0.21514423076923078 0.052884615384615384 0.0889423076923077
1 0.6081730769230769 0.328125 0.05048076923076923 0.10576923076923077
1 0.6502403846153846 0.22716346153846154 0.04326923076923077 0.06490384615384616
1 0.7007211538461539 0.1814903846153846 0.04326923076923077 0.06009615384615385
1 0.6598557692307693 0.16826923076923078 0.04807692307692308 0.0625
1 0.7127403846153846 0.0733173076923077 0.03125 0.055288461538461536
1 0.7536057692307693 0.08413461538461539 0.016826923076923076 0.040865384615384616
1 0.6490384615384616 0.09134615384615384 0.028846153846153848 0.05048076923076923
1 0.6298076923076923 0.125 0.036057692307692304 0.052884615384615384
2 0.5612980769230769 0.12740384615384615 0.04567307692307692 0.07932692307692307
1 0.5204326923076923 0.20673076923076922 0.05048076923076923 0.0985576923076923
1 0.5192307692307693 0.27884615384615385 0.05048076923076923 0.0889423076923077
1 0.5300480769230769 0.05048076923076923 0.016826923076923076 0.052884615384615384
1 0.4699519230769231 0.051682692307692304 0.02403846153846154 0.04567307692307692
1 0.41346153846153844 0.027644230769230768 0.03365384615384615 0.055288461538461536
0 0.38100961538461536 0.15264423076923078 0.052884615384615384 0.07932692307692307
2 0.40024038461538464 0.25721153846153844 0.036057692307692304 0.09615384615384616
1 0.33533653846153844 0.35697115384615385 0.07211538461538461 0.10817307692307693
1 0.3485576923076923 0.15985576923076922 0.036057692307692304 0.07451923076923077
2 0.34975961538461536 0.039663461538461536 0.02403846153846154 0.04567307692307692
1 0.3173076923076923 0.5024038461538461 0.036057692307692304 0.07932692307692307
1 0.24639423076923078 0.5492788461538461 0.0985576923076923 0.18028846153846154
1 0.15745192307692307 0.7379807692307693 0.14903846153846154 0.25961538461538464
1 0.1778846153846154 0.24519230769230768 0.07211538461538461 0.1201923076923077
2 0.06610576923076923 0.2704326923076923 0.036057692307692304 0.10336538461538461
1 0.13221153846153846 0.21995192307692307 0.04567307692307692 0.10576923076923077
1 0.2764423076923077 0.33413461538461536 0.06009615384615385 0.08173076923076923
1 0.23557692307692307 0.18269230769230768 0.057692307692307696 0.0889423076923077
1 0.2620192307692308 0.0829326923076923 0.052884615384615384 0.09375
0 0.21754807692307693 0.054086538461538464 0.038461538461538464 0.08653846153846154
1 0.12860576923076922 0.08533653846153846 0.026442307692307692 0.06009615384615385