1 0.7632211538461539 0.0985576923076923 0.08173076923076923 0.10817307692307693
1 0.03485576923076923 0.30528846153846156 0.06490384615384616 0.07692307692307693
1 0.5721153846153846 0.17067307692307693 0.0625 0.08413461538461539
1 0.6574519230769231 0.2536057692307692 0.04326923076923077 0.057692307692307696
0 0.8798076923076923 0.20552884615384615 0.06490384615384616 0.08653846153846154
0 0.4098557692307692 0.21033653846153846 0.07692307692307693 0.11057692307692307
0 0.07692307692307693 0.3701923076923077 0.07692307692307693 0.10336538461538461
2 0.15625 0.36899038461538464 0.07451923076923077 0.09615384615384616
2 0.18028846153846154 0.29927884615384615 0.05048076923076923 0.0673076923076923
2 0.3088942307692308 0.28125 0.057692307692307696 0.06971153846153846
2 0.5348557692307693 0.19951923076923078 0.055288461538461536 0.07211538461538461
2 0.6394230769230769 0.11298076923076923 0.0625 0.07692307692307693