2 0.0889423076923077 0.38341346153846156 0.09134615384615384 0.14423076923076922
2 0.1778846153846154 0.49158653846153844 0.08173076923076923 0.11538461538461539
2 0.21754807692307693 0.6598557692307693 0.09375 0.14903846153846154
2 0.20552884615384615 0.3293269230769231 0.08653846153846154 0.14182692307692307
2 0.3485576923076923 0.5817307692307693 0.10576923076923077 0.17307692307692307
1 0.46274038461538464 0.5877403846153846 0.12980769230769232 0.2091346153846154
2 0.4987980769230769 0.3016826923076923 0.08173076923076923 0.14182692307692307
2 0.6382211538461539 0.6394230769230769 0.11298076923076923 0.17067307692307693
2 0.6165865384615384 0.4699519230769231 0.09134615384615384 0.14423076923076922
1 0.9026442307692307 0.5576923076923077 0.11778846153846154 0.19951923076923078
2 0.9194711538461539 0.2620192307692308 0.07932692307692307 0.12740384615384615
2 0.6153846153846154 0.1201923076923077 0.07692307692307693 0.11298076923076923
2 0.8088942307692307 0.12980769230769232 0.057692307692307696 0.08653846153846154
2 0.4362980769230769 0.2848557692307692 0.07451923076923077 0.10336538461538461