1 0.010817307692307692 0.36778846153846156 0.021634615384615384 0.08653846153846154
1 0.10216346153846154 0.3581730769230769 0.04807692307692308 0.07692307692307693
1 0.19471153846153846 0.34975961538461536 0.05048076923076923 0.07692307692307693
1 0.22355769230769232 0.24879807692307693 0.04567307692307692 0.08173076923076923
1 0.28725961538461536 0.2776442307692308 0.05048076923076923 0.08653846153846154
1 0.3954326923076923 0.2860576923076923 0.052884615384615384 0.08653846153846154
1 0.5180288461538461 0.25 0.04807692307692308 0.08173076923076923
1 0.6117788461538461 0.28125 0.04567307692307692 0.07211538461538461
1 0.6995192307692307 0.25721153846153844 0.04807692307692308 0.07692307692307693
1 0.8016826923076923 0.28846153846153844 0.055288461538461536 0.07451923076923077
1 0.9086538461538461 0.23076923076923078 0.06009615384615385 0.0889423076923077