1 0.6706730769230769 0.07211538461538461 0.036057692307692304 0.0673076923076923
1 0.7055288461538461 0.109375 0.05048076923076923 0.07211538461538461
1 0.8545673076923077 0.5769230769230769 0.10096153846153846 0.15144230769230768
1 0.6646634615384616 0.4951923076923077 0.08173076923076923 0.1346153846153846
1 0.5516826923076923 0.29927884615384615 0.07211538461538461 0.1201923076923077
1 0.5252403846153846 0.021634615384615384 0.026442307692307692 0.038461538461538464
1 0.4723557692307692 0.04807692307692308 0.02403846153846154 0.04807692307692308
1 0.3798076923076923 0.09375 0.038461538461538464 0.052884615384615384
1 0.4206730769230769 0.25841346153846156 0.06971153846153846 0.11538461538461539
1 0.4206730769230769 0.43509615384615385 0.08173076923076923 0.12980769230769232
1 0.31009615384615385 0.2704326923076923 0.07451923076923077 0.11538461538461539
2 0.1971153846153846 0.16826923076923078 0.038461538461538464 0.0625
1 0.13942307692307693 0.2091346153846154 0.04567307692307692 0.08173076923076923
1 0.1466346153846154 0.09615384615384616 0.036057692307692304 0.057692307692307696
1 0.0829326923076923 0.0985576923076923 0.04326923076923077 0.0625
1 0.037259615384615384 0.1310096153846154 0.038461538461538464 0.05048076923076923